ci	pre	mid	high
部门2	6.761572768804056	39.854045173967314	75.35339797331517
娴淑5	0.0	0.6931471805599453	1.3862943611198906
肃清2	0.0	7.847762537473608	14.609335306277664
软蛋3	0.0	2.772588722239781	2.995732273553991
潴留5	0.0	0.0	0.0
学年2	0.6931471805599453	11.901285105175454	14.727118341934046
窥测4	0.0	1.3862943611198906	9.534161491043838
讨饶4	0.6931471805599453	2.0794415416798357	7.677863500678211
帝力3	0.0	0.0	1.3862943611198906
昏黑3	0.6931471805599453	2.4849066497880004	20.79554393017815
人头2	4.564348191467836	45.446769111851054	77.22626536468408
云端2	3.871201010907891	25.529791158441377	20.690183414520323
蜜橘3	0.0	0.6931471805599453	0.0
深耕4	0.0	1.3862943611198906	0.0
怒吼3	8.812843433517195	52.029762740715945	54.14468257869429
书套3	1.0986122886681098	0.0	1.0986122886681098
荆门1	0.0	0.6931471805599453	3.8712010109078907
风骚3	0.6931471805599453	12.999897393843563	19.984613713961824
驯化4	0.0	17.669606100969226	10.41750806719864
上面1	75.88174050296563	224.71528377374028	304.8689853730524
落榜3	1.6094379124341003	5.375278407684165	8.294049640102028
析产4	0.0	0.0	3.58351893845611
川流2	4.564348191467836	8.030084094267563	20.847659931317164
变样2	2.0794415416798357	10.1095256359474	10.568235258574376
相当2	30.897517976361588	150.09322032555934	241.5163730774795
术学2	0.0	8.147867129923947	6.3561076606958915
制定2	5.950642552587727	42.54634701810141	63.70384294931913
掉包3	0.0	1.3862943611198906	3.871201010907891
实则2	0.6931471805599453	7.4547199493640015	23.61692281658736
管路2	0.0	0.6931471805599453	0.0
苫布5	0.0	0.0	0.0
转头2	16.72959884247775	46.910024514107086	42.8500141619265
争霸4	0.6931471805599453	3.1780538303479458	5.2574953720277815
神木2	0.0	2.772588722239781	2.772588722239781
素行3	0.0	0.0	2.4849066497880004
云霓4	0.0	0.6931471805599453	2.0794415416798357
鱼粉2	0.0	0.0	0.0
稀释4	0.0	10.450452222917992	4.1588830833596715
盲干3	0.0	0.0	0.0
束装3	0.0	0.0	10.162770150466212
橘络4	0.0	0.0	0.0
蟋蟀3	4.852030263919617	30.799709050467726	21.699412142053752
法部3	2.1972245773362196	5.480638923341991	15.744315239116647
公式2	0.0	18.817008553806765	36.65805364293271
陋巷3	0.0	0.0	4.969813299576001
艾草2	0.0	0.0	6.962243464266207
判别3	0.0	5.2574953720277815	4.564348191467836
分摊3	0.0	0.0	8.435549202375727
痰桶4	0.0	0.0	0.0
喷气2	0.0	7.89655270164304	9.946547041996574
风尘2	1.3862943611198906	18.662857873979508	35.53085903931637
反之3	0.0	22.11812247691194	41.29860844321118
带累3	0.0	0.6931471805599453	9.071537969095724
丘墟4	0.0	0.0	3.871201010907891
草绿2	0.6931471805599453	8.253227645581772	7.049254841255837
惠州2	0.0	4.477336814478207	1.3862943611198906
户头2	0.6931471805599453	3.1780538303479458	12.132727459304359
支架3	1.3862943611198906	6.3561076606958915	11.718963548381499
诉述4	0.0	0.6931471805599453	4.0943445622221
签诗3	0.0	0.0	0.0
恋栈4	0.0	0.0	0.6931471805599453
酒量3	2.4849066497880004	7.049254841255837	20.37765630207143
覆核4	0.0	0.0	0.0
倾耳3	0.0	0.0	6.866933284461882
淑德2	0.0	0.6931471805599453	0.6931471805599453
问津2	0.0	13.405362501951727	12.188967177627235
群居2	0.0	15.52562603815182	5.768320995793772
嫌恶3	0.0	5.662960480135946	21.147764523767506
漂游2	0.6931471805599453	2.0794415416798357	3.4657359027997265
三八1	0.0	7.783224016336037	17.447591063034814
盘石3	0.0	0.0	0.6931471805599453
铜币3	0.6931471805599453	3.8712010109078907	7.685243607975833
申饬5	0.0	0.0	1.3862943611198906
子侄3	0.6931471805599453	0.6931471805599453	14.270359939438332
霰弹4	0.0	14.832478857591871	7.049254841255837
议会2	5.991464547107982	24.078958276183926	55.881099794322026
孤寡3	0.0	2.4849066497880004	7.742402021815782
铃铛3	19.154456876401028	24.707566935606295	31.613468645939108
管保4	1.3862943611198906	0.0	15.28673412986947
天演3	0.0	3.6888794541139363	1.0986122886681098
御敌4	0.6931471805599453	2.772588722239781	6.761572768804056
施设4	0.0	0.0	1.0986122886681098
臆测5	0.0	3.4657359027997265	7.154615356913663
分润3	0.0	0.0	1.3862943611198906
年少2	3.1780538303479458	16.911920399271708	49.72995595873321
牙关2	3.8712010109078907	31.217825276129442	36.33359248832853
界牌3	0.0	0.0	0.0
庇佑5	0.0	3.4657359027997265	5.768320995793772
邻角3	0.0	0.0	0.0
失去1	48.93734052861566	198.21072659016775	265.5426451327907
此辈3	0.0	0.0	12.396362371973305
无措4	4.564348191467836	21.540807111877108	33.84755732516072
官制3	0.0	1.0986122886681098	4.276666119016055
伙房2	0.0	5.049856007249537	9.842462850698354
省墓4	0.0	0.0	0.0
能耐2	5.662960480135946	34.87830525572168	41.2301871636232
夔峡2	0.0	0.0	0.0
正常2	34.40521043390627	134.69422437140395	150.08834392186404
借问3	1.791759469228055	1.0986122886681098	9.757305042358047
驯马3	0.0	2.4849066497880004	7.60887062919126
玉人3	0.0	0.6931471805599453	5.950642552587727
雪莲2	0.6931471805599453	2.0794415416798357	1.3862943611198906
周岁2	0.6931471805599453	14.581164429310967	16.583416332299674
凶焰3	1.0986122886681098	0.6931471805599453	0.6931471805599453
潮热3	0.0	0.6931471805599453	1.3862943611198906
级别3	5.908082938168931	6.931471805599453	18.40594746019448
类推3	0.6931471805599453	7.560080465021827	12.748582965562658
赴任4	0.6931471805599453	2.0794415416798357	15.097688074191597
径流3	0.0	0.0	0.0
连坐2	0.0	4.0943445622221	7.965545573129992
害臊4	3.1780538303479458	30.011998903154176	36.24740381809036
茅檐3	0.0	0.6931471805599453	3.58351893845611
天宝2	2.0794415416798357	4.276666119016055	12.807104537182314
牛人3	0.0	3.58351893845611	1.3862943611198906
渴睡3	0.0	0.6931471805599453	2.0794415416798357
衔结4	0.0	0.0	0.0
闲适3	1.791759469228055	6.733401891837359	20.138764393789085
必须1	65.97009260580005	277.2410670345229	343.1098085219389
兽环3	0.0	0.0	0.0
挑唆4	0.0	5.662960480135946	11.056588026488308
清明2	3.58351893845611	22.69266391506404	60.72992542037266
自经3	0.0	0.0	8.070906088787817
基音3	0.0	0.6931471805599453	3.1780538303479458
头晚3	0.0	0.6931471805599453	0.6931471805599453
汗迹3	0.0	0.0	3.1780538303479458
幡儿5	0.0	0.0	0.0
伤口1	17.078493599097524	85.51762368139988	93.35449128126386
土音3	0.0	1.3862943611198906	3.5835189384561104
痴肥4	0.0	0.6931471805599453	1.791759469228055
田畴2	0.0	0.6931471805599453	5.375278407684165
熊蜂2	0.0	1.9459101490553132	0.0
繁荣2	7.336936913707618	34.400333456826765	61.95500852480811
藁本2	0.0	0.0	0.0
麸皮3	0.6931471805599453	2.1972245773362196	2.4849066497880004
情愫4	0.6931471805599453	5.817111159963204	10.669141423882822
睽睽4	1.3862943611198906	14.832478857591873	17.04099744154685
尸变2	0.0	0.0	1.3862943611198906
锁匠4	0.0	2.995732273553991	4.605170185988091
冗长3	2.772588722239781	14.658125470447095	40.25951028207549
洋文2	0.0	1.791759469228055	4.787491742782046
螺母3	0.0	0.6931471805599453	0.0
巷战3	0.0	4.969813299576001	6.761572768804056
嘉勉2	0.0	0.0	0.0
昂昂2	1.3862943611198906	8.030084094267563	11.431281475929717
律令3	0.0	0.6931471805599453	11.88504059339684
吊斗3	0.0	0.0	0.0
繁剧3	0.0	0.0	0.6931471805599453
茹素2	0.0	0.0	2.772588722239781
选矿3	0.0	0.0	0.0
纷纶5	0.0	0.0	1.791759469228055
数四2	0.0	0.0	5.2574953720277815
透露2	10.961277846683982	44.175163055554215	87.9229281039648
抓差3	0.0	0.0	0.0
世弟3	0.0	0.0	0.6931471805599453
后勤2	0.0	7.89655270164304	11.718963548381499
冤气4	0.0	1.3862943611198906	6.068425588244111
闹腾4	4.1588830833596715	14.216292718168056	21.23737668245719
坟堆3	0.0	5.7430031878094825	15.803257774750099
年来2	8.147867129923947	58.906198835073035	102.90398007052923
南竹2	0.0	0.0	0.0
钢坯3	0.0	0.0	0.0
国歌2	3.871201010907891	6.779921907472253	10.38145935143104
症状3	3.58351893845611	23.414560508909968	28.411794666667028
演算3	2.0794415416798357	11.079060882340366	8.1886891244442
挺立2	4.787491742782046	17.499707064173823	20.97786548697211
困厄4	0.6931471805599453	1.3862943611198906	7.560080465021827
御览4	0.0	0.0	7.847762537473608
军机2	0.0	1.791759469228055	8.776475789346321
腼腆5	5.545177444479562	18.547675620023178	54.38357448697662
利己2	0.6931471805599453	14.544796785140091	23.514888137899124
单弱3	0.0	0.6931471805599453	4.564348191467836
虫儿2	1.0986122886681098	7.049254841255837	10.363440845928363
调控3	0.0	3.1780538303479453	1.791759469228055
废墟3	6.173786103901937	45.44433559770037	60.797588145249954
公益2	1.0986122886681098	1.3862943611198906	11.03823888782011
赌赛3	0.0	0.0	7.491087593534876
锻打3	0.0	1.3862943611198906	1.3862943611198906
外部2	0.6931471805599453	24.32581835411545	48.5876767234126
婚姻3	6.815639990074331	31.400375430478398	166.45552799528193
和声2	0.0	1.3862943611198906	2.0794415416798357
平定2	2.4849066497880004	24.13261422868427	37.00431357587867
红素3	0.0	0.0	1.3862943611198906
奶牙3	0.6931471805599453	0.0	0.0
造府3	0.0	0.0	1.3862943611198906
定型3	0.6931471805599453	6.761572768804056	5.817111159963204
夹注3	0.0	0.0	0.0
人群1	29.985783630447333	130.5205858444923	163.30892260755581
相干2	4.969813299576001	34.7917747635694	102.58506437241242
卖乖3	0.0	1.791759469228055	6.104793232414985
规约2	0.0	0.0	0.6931471805599453
国公3	0.6931471805599453	1.3862943611198906	22.49013965095256
拼死2	2.8903717578961645	16.044419831566987	23.967405790278175
保固3	0.0	0.0	0.0
花绣4	0.0	0.0	0.6931471805599453
薄薄2	12.019068140831838	61.781968255284404	69.55562282060431
眨眼2	26.66922544162975	83.6399854275148	87.81895868676835
两次1	17.29718280006235	114.58519532929745	183.61009395994628
概观3	0.0	0.0	2.0794415416798357
元宵2	0.0	5.19295685089021	24.594402845806204
猫腰3	1.3862943611198906	0.0	1.3862943611198906
闭锁3	0.0	1.3862943611198906	2.772588722239781
干粉3	0.0	0.0	2.772588722239781
狂气3	0.0	0.6931471805599453	0.6931471805599453
炭火3	3.58351893845611	16.87109840475145	29.389698162730514
人格2	2.772588722239781	52.324444492844854	68.99242890841694
做官2	4.68213122712422	24.34416749278365	41.323872647700526
装具3	0.0	0.0	3.5263605246161616
别趣3	0.0	0.0	0.6931471805599453
公国2	0.0	6.51025834052315	13.782656733093196
浩浩2	7.560080465021827	31.46468535406097	27.962581807090373
自守3	0.0	3.4011973816621555	18.662857873979505
大兴2	0.6931471805599453	10.673595774232203	26.312550497691017
教鞭3	0.6931471805599453	3.871201010907891	2.4849066497880004
会元4	0.0	0.0	0.6931471805599453
辰光3	0.6931471805599453	0.6931471805599453	4.382026634673881
戏楼3	0.0	0.0	5.5134287461649825
总装2	0.0	3.58351893845611	1.0986122886681098
先觉3	0.0	0.6931471805599453	10.514990744055563
五毒2	0.0	0.0	3.4011973816621555
翕如5	0.0	1.6094379124341003	0.0
概要2	0.0	4.969813299576001	3.4657359027997265
叶片1	3.1780538303479453	21.999516734504088	15.484804043631563
册子2	1.3862943611198906	25.89133703261471	41.23131567700299
接头3	4.68213122712422	5.375278407684165	10.738134295369774
配角2	2.4849066497880004	4.1588830833596715	5.950642552587727
告慰4	1.0986122886681098	4.1588830833596715	4.969813299576001
销钉4	0.0	0.6931471805599453	0.6931471805599453
常任2	0.0	0.0	3.871201010907891
残阳2	1.6094379124341003	9.010913347279288	7.560080465021827
阴冷2	3.871201010907891	15.079338935523399	25.935256266549544
对质2	0.0	3.1780538303479458	18.533780831704366
归公2	0.6931471805599453	0.6931471805599453	4.564348191467836
麦穗2	1.791759469228055	11.03823888782011	16.75331536909507
碧波2	0.6931471805599453	9.128696382935672	10.39720770839918
泪珠3	14.503974790619838	38.177467958695594	54.92494317185437
惭愧3	13.98072664685529	38.5604602109517	89.1720152967263
器具3	3.4657359027997265	23.94097253321002	40.7759318913456
瘤胃3	0.0	0.0	0.0
政法2	0.0	0.0	2.0794415416798357
荧光3	0.6931471805599453	6.939253946041508	8.253227645581772
烟粉3	0.0	0.0	1.791759469228055
签收3	0.0	0.6931471805599453	0.0
南明2	0.0	0.0	2.0794415416798357
藤萝3	1.0986122886681098	5.529429087511423	19.843114151688127
痛悔4	0.0	6.030685260261263	14.386191754963454
辛劳3	2.772588722239781	23.10942302979095	34.865294673371565
操场2	13.199324418540456	34.27809607082101	25.93340269790023
程式3	0.6931471805599453	8.253227645581772	17.722850615488035
意绪3	0.0	1.791759469228055	5.768320995793772
举架3	0.0	0.0	2.0794415416798357
家系3	0.0	0.6931471805599453	2.4849066497880004
逼债4	0.0	0.0	1.3862943611198906
干休2	0.0	2.0794415416798357	10.268130666124037
不苟4	3.871201010907891	36.21580945267214	43.78718392431273
政潮3	0.0	0.0	0.0
粗劣3	1.0986122886681098	9.534161491043838	20.60876802303482
领道3	0.0	0.6931471805599453	1.0986122886681098
星云2	0.0	2.4849066497880004	5.075173815233827
仇敌3	2.4849066497880004	36.80667778411168	58.002980184766244
童生2	0.0	0.0	8.99961934066053
深挖3	0.6931471805599453	0.0	3.4657359027997265
溪流2	7.742402021815781	41.553454364273584	32.93262370422136
洞天2	0.0	0.0	7.336936913707618
自费3	0.0	2.772588722239781	4.969813299576001
签条2	0.0	0.0	2.772588722239781
耳针3	0.0	0.0	0.0
扫平2	0.6931471805599453	4.564348191467836	2.4849066497880004
寄籍3	0.0	0.6931471805599453	1.3862943611198906
发抖2	26.841496662570204	119.37303262409904	118.90796372498642
地籍3	0.0	0.0	0.0
阳燧3	0.0	0.0	0.0
面议2	0.0	0.0	3.8712010109078907
完美2	16.85535004778331	95.00274503613001	133.60139945605073
奸巧4	0.0	0.0	1.3862943611198906
酷爱2	4.1588830833596715	19.356005054539448	21.253125039425324
分当3	0.0	0.0	0.6931471805599453
察访3	0.0	1.3862943611198906	4.564348191467836
鹊桥2	0.6931471805599453	3.951243718581427	2.4849066497880004
人主3	0.0	16.174037324870373	19.309815672070076
骄恣4	0.0	0.0	2.70805020110221
长虹2	1.0986122886681098	2.0794415416798357	6.643789733147672
赌窝4	0.0	0.0	0.6931471805599453
渥恩2	0.0	0.0	0.0
鱿鱼3	1.3862943611198906	8.030084094267563	5.768320995793772
讨厌2	48.00375029966344	142.75218403651726	177.85953124127067
佞口5	0.0	0.0	0.0
唐装2	0.0	1.3862943611198906	0.0
难忍3	1.3862943611198906	36.506573191661325	38.356463678519965
新剧2	0.0	0.6931471805599453	1.3862943611198906
圩堤4	0.0	0.0	0.0
议决3	0.0	0.6931471805599453	2.772588722239781
听凭3	2.890371757896165	12.86636600121904	29.6492093582156
提笔2	2.0794415416798357	8.55333223803211	20.677760894521768
布景2	2.8903717578961645	6.3561076606958915	17.798074036725623
音色2	1.3862943611198906	10.802672816507343	8.435549202375727
顶礼2	0.6931471805599453	13.510723017609553	16.555245455332976
手板2	0.0	0.0	3.4657359027997265
龙虎2	0.0	1.3862943611198906	7.272398392570047
大饼2	0.0	1.0986122886681098	11.208137924615508
绞刑3	2.0794415416798357	14.34000237249408	26.831158261899066
洋碱4	0.0	0.0	0.6931471805599453
互惠4	0.0	4.564348191467836	5.545177444479562
中文2	3.871201010907891	23.01671363168668	57.07052013191017
调唆4	0.0	0.6931471805599453	4.060443010546419
眼前1	63.85985250891101	213.11627699097215	273.21092976421716
军属2	0.0	1.3862943611198906	0.6931471805599453
挑头3	0.0	0.6931471805599453	1.3862943611198906
指痕4	0.0	0.0	1.3862943611198906
投产3	0.0	0.0	0.6931471805599453
光子2	0.0	1.9459101490553132	1.3862943611198906
掉膘5	0.0	2.0794415416798357	1.3862943611198906
低俗3	0.0	2.4849066497880004	4.1588830833596715
婆姨3	0.0	0.0	4.276666119016055
偷嘴3	0.0	0.6931471805599453	2.0794415416798357
茵陈3	0.0	0.0	0.6931471805599453
判案3	0.0	0.0	8.147867129923947
等等1	34.83771185875643	145.28535230330058	197.3843387644585
奉送3	0.6931471805599453	5.662960480135946	12.529893764597828
强壮2	10.434703865949853	75.9864705091192	96.10929856360994
韩信2	0.0	15.47348069654275	16.377081908687686
海捕3	0.0	0.6931471805599453	1.3862943611198906
留恋3	6.761572768804056	33.73090280288413	54.10682148505704
炊帚4	0.0	0.0	0.6931471805599453
雾气3	9.821843563495618	30.07839099294108	42.5147586995281
恶运3	0.0	1.3862943611198906	5.375278407684165
哀辞3	0.0	0.0	0.0
白酒2	3.4657359027997265	13.733866568923762	26.900092992160975
脸孔2	0.0	15.602587079287948	41.830726981689395
教益3	1.0986122886681098	5.662960480135946	19.47378809019584
蛋品3	0.0	0.0	0.0
怪罪3	3.9889840465642745	19.802292157167873	23.162667544309766
勘验4	0.0	0.0	0.6931471805599453
罅隙5	1.0986122886681098	2.8903717578961645	4.564348191467836
寒冬2	3.4657359027997265	13.510723017609553	23.85581472486971
滴剂4	0.0	0.6931471805599453	0.6931471805599453
征辟3	0.0	0.0	2.4849066497880004
次要2	1.3862943611198906	12.019068140831838	33.9653403608171
慌忙3	15.744315239116649	53.805128675535656	66.45536921976701
乌江2	0.0	3.8712010109078907	4.382026634673881
镜戒3	0.0	0.0	0.0
空闺4	0.0	0.6931471805599453	4.276666119016055
圆月2	2.9957322735539913	6.238324625039508	10.227308671603781
蒸蒸2	0.6931471805599453	6.931471805599453	6.931471805599453
蕤宾5	0.0	0.0	0.0
比价2	0.0	0.0	1.3862943611198906
公权3	0.0	3.332204510175204	12.412110728941444
调资4	0.0	0.0	0.0
虽然2	92.06544554512718	322.36321973453215	405.2165301219139
还阳3	0.0	1.3862943611198906	3.4657359027997265
拆伙3	0.0	0.0	0.0
该是2	10.632773779711947	34.647193534758294	74.35528479610257
没落2	1.791759469228055	14.216292718168056	36.29869711247791
铭旌5	0.0	0.0	3.1780538303479458
暗记3	0.0	1.3862943611198906	5.768320995793772
掠过2	17.009500727610572	59.96171898068639	85.64744457570568
诱因2	0.0	2.0794415416798357	5.950642552587727
锐敏4	0.0	0.0	7.742402021815782
上朝3	2.4849066497880004	18.415997796047986	25.61940331713107
诊治3	1.3862943611198906	6.643789733147672	10.450452222917992
定购3	0.0	0.0	3.465735902799726
拟题3	0.0	0.0	3.4657359027997265
树冠2	2.0794415416798357	36.191062064156974	8.435549202375727
恭迎3	0.0	3.4657359027997265	4.564348191467836
散座3	0.0	1.3862943611198906	3.871201010907891
谱写3	2.9957322735539913	9.975994243322877	9.939626599152001
荟集5	0.0	0.6931471805599453	0.0
芦荻2	0.0	0.0	3.1780538303479458
零工3	0.0	1.3862943611198906	8.658692753689937
季风2	0.0	2.995732273553991	1.3862943611198906
抓紧3	14.7679403364543	52.73468726383424	50.886586040672796
瞳人3	0.0	4.718498871295094	4.564348191467836
化痰4	0.0	0.0	0.6931471805599453
受刑3	0.6931471805599453	11.585432155756976	24.281899120180608
提升2	5.662960480135946	40.654823018719625	54.06051615383687
灵醒3	0.0	0.0	4.094344562222101
先头2	0.6931471805599453	9.534161491043836	14.79165686307162
油箱2	0.0	1.0986122886681098	3.1780538303479453
毒蛇3	7.377758908227873	39.214338451886846	44.83390880939683
物质2	5.480638923341991	68.09308632567448	108.5009163120591
灾殃3	0.0	0.6931471805599453	5.480638923341991
推拿2	0.0	0.6931471805599453	3.4657359027997265
冒名3	0.6931471805599453	2.772588722239781	4.852030263919617
找平3	0.0	0.0	0.0
征服2	8.881836305004146	65.97733523674148	100.93136237546113
宗谱3	0.0	0.0	4.969813299576001
零头2	0.6931471805599453	4.564348191467836	5.950642552587727
苛责4	0.6931471805599453	1.3862943611198906	8.371010681238156
经术3	0.0	0.0	4.477336814478207
防盗3	0.0	6.3561076606958915	3.8712010109078907
名儒4	0.0	0.6931471805599453	6.643789733147672
盘香2	0.0	0.0	0.0
百代2	0.6931471805599453	2.4849066497880004	6.238324625039507
咿唔3	0.0	0.6931471805599453	2.772588722239781
悲辛3	0.0	0.0	1.791759469228055
倚门3	0.0	0.6931471805599453	8.435549202375727
立交3	0.6931471805599453	2.772588722239781	1.0986122886681098
物件2	3.1780538303479458	11.718963548381499	46.31634417392268
皇叔3	0.0	1.3862943611198906	1.6094379124341003
杜蘅2	0.0	0.6931471805599453	0.0
琴心3	0.0	0.0	2.4849066497880004
老农2	1.3862943611198906	9.064157861798101	6.068425588244111
狂喜3	4.564348191467836	20.03340387813126	53.04545471598395
巨变2	0.0	2.772588722239781	10.738134295369772
盲从2	0.0	2.4849066497880004	11.208137924615508
飘飘2	22.574880879407647	53.236604186901495	69.36152637235423
投弃3	0.0	0.6931471805599453	0.0
煤矿3	1.3862943611198906	10.738134295369772	16.090939847201877
地积3	0.0	0.0	2.0794415416798357
浸没4	0.0	1.3862943611198906	4.852030263919617
气韵3	0.0	3.1780538303479453	6.068425588244111
恶气2	1.3862943611198906	13.287579466295345	16.162202867223368
火车1	27.54691610104667	105.88295697617059	147.31326288579683
表观3	0.0	0.0	0.0
畜产3	0.0	0.0	3.6888794541139363
封门2	0.0	0.0	3.58351893845611
献礼3	0.0	4.852030263919617	12.219738836293988
耳热3	0.0	2.0794415416798357	5.2574953720277815
蜡虫4	0.0	0.0	0.0
急风3	0.0	4.1588830833596715	4.564348191467836
牢头3	0.0	0.0	5.455321115357702
治装3	0.0	0.0	6.915723448631314
执勤4	0.6931471805599453	2.4849066497880004	4.969813299576001
肉柱3	0.0	0.6931471805599453	0.0
自称2	9.534161491043836	53.68952545756554	97.25211765305141
粗疏3	0.6931471805599453	0.0	5.950642552587727
青稞4	0.0	6.0112671744041615	8.083328608786374
考考2	1.0986122886681098	5.2574953720277815	6.473890696352275
被窝3	10.044987114809828	40.19505256575395	59.42981240913585
万国2	0.0	6.643789733147672	18.56009814002174
丹丘2	0.0	0.0	2.3025850929940455
浸淫4	0.0	2.4849066497880004	4.969813299576001
部落2	12.647522467357849	44.16284686458881	47.54865653194677
使臣2	2.0794415416798357	15.209534965146075	34.7452963162819
旷废4	0.0	0.0	1.3862943611198906
肆应4	0.0	0.0	0.0
万状2	1.3862943611198906	21.34273719811502	32.23924792610642
采购3	3.58351893845611	12.829998357048165	21.971345857537393
烤电3	0.0	1.0986122886681098	0.0
明暗3	0.0	3.401197381662155	9.246479418592056
赋归4	0.0	0.0	0.0
默然3	2.4849066497880004	15.30248248683761	51.03846657196552
兼程3	1.791759469228055	14.909439898728	13.916188125717719
补药2	0.0	2.0794415416798357	4.564348191467836
常理2	1.0986122886681098	12.712215321391783	31.533678225547924
边际2	5.545177444479562	21.515489303892817	46.291568226148726
褡包5	0.0	0.0	1.0986122886681098
剔骨4	0.0	0.0	2.0794415416798357
刀伤2	0.6931471805599453	3.4657359027997265	6.238324625039508
稚龄4	0.0	0.6931471805599453	0.6931471805599453
导扬3	0.0	0.0	0.0
成品2	0.0	5.950642552587727	11.7189635483815
毁弃3	0.0	0.6931471805599453	13.563473582995085
吉兆2	0.0	2.0794415416798357	14.79165686307162
强度2	2.772588722239781	16.583416332299674	18.991361940951542
圈定3	0.6931471805599453	3.465735902799726	2.4849066497880004
应制3	0.0	1.9459101490553132	4.564348191467836
不如1	40.677626507737216	177.32457123203864	277.9265505709299
丛集3	0.0	0.0	1.791759469228055
抖索3	0.6931471805599453	6.3561076606958915	4.0943445622221
米尺2	0.0	0.0	0.0
细小1	5.768320995793772	37.930607880764065	56.775787311537535
普照2	2.0794415416798357	11.49581999706729	24.143496797321493
术科2	0.0	0.0	0.0
转账4	0.0	1.3862943611198906	3.2188758248682006
登报3	0.0	2.4849066497880004	8.776475789346321
严寒3	11.143599403477937	35.73338330342784	47.10499718845459
骇怪4	0.0	0.0	5.375278407684165
黑度3	0.0	0.0	0.0
心毒3	0.0	0.6931471805599453	1.3862943611198906
疯病3	1.0986122886681098	6.79794041297493	18.328986419058346
疲塌4	0.0	0.6931471805599453	1.3862943611198906
屋子1	57.70893022403179	144.39939335077716	215.52775824991696
膙子5	0.0	0.0	0.0
繁密3	0.6931471805599453	2.772588722239781	11.901285105175454
猛犸5	0.0	14.897993464702498	0.6931471805599453
显示2	21.8716833629942	106.9996845676618	153.99185625554313
四化2	0.0	0.0	2.0794415416798357
女客3	0.0	2.4849066497880004	31.215971707480122
淫逸5	1.791759469228055	4.969813299576001	10.655658073545535
懵然5	0.6931471805599453	5.662960480135946	2.0794415416798357
随带2	0.0	0.6931471805599453	1.3862943611198906
民德2	0.0	0.0	0.6931471805599453
精怪3	1.0986122886681098	0.0	6.761572768804056
倾听2	14.881269021761304	72.70931587388141	97.50545305349509
山茶2	1.0986122886681098	11.431281475929719	5.2574953720277815
退磁3	0.0	0.0	0.0
背诵2	4.969813299576001	33.64763384274931	62.11511465493603
鬼祟3	2.995732273553991	15.484804043631563	31.358736776051582
前排2	4.969813299576001	17.289214630413177	24.83664397788144
极权3	0.0	3.58351893845611	4.382026634673881
引得2	2.772588722239781	27.033868555217655	53.11060881116371
新绿2	0.6931471805599453	5.662960480135946	13.405362501951728
蝉蜕3	0.0	0.6931471805599453	2.772588722239781
非常1	99.74537131008704	323.4735465336649	387.47899823558856
渐进2	0.6931471805599453	7.742402021815782	16.701199367956054
长庚2	0.0	1.0986122886681098	0.0
到头2	10.044987114809828	43.63790417472006	80.61743938792894
吉士2	0.0	2.6390573296152584	7.090076835776092
聚议3	1.791759469228055	0.0	1.3862943611198906
默祷4	0.0	1.3862943611198906	4.564348191467836
滞留3	2.0794415416798357	16.624238326819928	22.939523992995557
床位2	0.0	4.564348191467836	15.525626038151819
轻巧2	5.2574953720277815	20.677760894521768	28.82562802444571
取景2	0.0	0.6931471805599453	2.0794415416798357
接待2	10.786924459539204	56.99707729420243	125.25039085869385
下蛋2	1.3862943611198906	21.776373183189875	12.5944322857354
生长1	18.159087382262957	109.12059573240441	139.49185865643506
题壁3	0.6931471805599453	0.6931471805599453	2.772588722239781
祖本3	0.0	0.0	0.0
道门2	0.0	0.0	2.4849066497880004
湍流3	0.6931471805599453	3.1780538303479458	3.1780538303479458
拍子2	2.772588722239781	16.624238326819928	21.11959364680081
五道1	1.3862943611198906	2.0794415416798357	6.643789733147672
协力2	5.2574953720277815	23.555710132419378	27.205718812144315
护胸3	0.0	2.6390573296152584	4.1588830833596715
怕事2	0.6931471805599453	13.551545012129809	19.57914860585366
族人2	6.579251212010101	26.43501648125178	46.37780770035978
嫖娼4	0.0	0.6931471805599453	4.68213122712422
衔冤4	0.0	0.6931471805599453	2.4849066497880004
坊子3	0.0	0.0	0.0
天主2	2.0794415416798357	31.68090394139771	84.82345318447459
袍褂4	0.0	0.0	0.0
丹方2	0.0	0.0	1.3862943611198906
总统2	6.148468295917647	46.35584139570801	67.31900581558388
言论2	4.025351690735149	33.340751929749025	68.32415170830878
嘴硬3	1.3862943611198906	6.3561076606958915	6.643789733147672
塾师4	0.0	1.791759469228055	10.961277846683982
熏香3	0.6931471805599453	1.3862943611198906	9.246479418592056
何如4	0.0	3.1780538303479458	42.099096775854385
填词3	0.0	1.9459101490553132	4.430816798843313
昭显4	0.0	0.0	0.6931471805599453
梯田3	0.0	6.866933284461882	5.560681631015528
尽然4	1.3862943611198906	4.68213122712422	18.139609730214957
陪同2	5.2574953720277815	37.17093392121236	41.551493963724155
暖寿3	0.0	0.0	0.0
黄口2	0.0	2.4849066497880004	2.0794415416798357
宝塔2	0.0	4.564348191467836	12.306750213283618
进而3	3.8712010109078907	24.43377965147333	54.8347480927168
换亲3	0.0	0.0	0.0
远播3	0.0	3.871201010907891	13.916188125717719
园地2	0.6931471805599453	4.564348191467836	17.734144622106793
痞块3	0.0	0.0	1.0986122886681098
晚上1	90.08733237011538	254.2539464851237	325.8968273301134
清剿4	0.0	4.025351690735149	4.68213122712422
精魂3	0.0	1.0986122886681098	8.371010681238156
星夜2	0.0	4.564348191467836	19.5997678930564
行装2	3.465735902799726	10.778956289890028	35.104774644005474
暗访3	0.0	1.0986122886681098	2.772588722239781
穿梭3	11.238909583282261	34.99941412834765	37.225038180205566
摆开2	1.3862943611198906	19.879253198303992	20.272295786413604
凑凑2	0.0	2.0794415416798357	8.723231274827508
篆章4	0.0	0.0	0.0
着色2	3.871201010907891	3.4657359027997265	7.336936913707618
绯红3	3.1780538303479453	12.019068140831838	37.97939804493348
贺喜2	0.0	6.761572768804056	19.352091155218314
诈尸3	0.0	2.0794415416798357	0.0
国权3	0.0	0.0	0.6931471805599453
凌汛2	0.0	0.6931471805599453	0.6931471805599453
正屋3	0.0	0.0	7.847762537473608
饮泣3	0.0	3.1780538303479458	15.36702100797518
伏兵2	0.0	3.8712010109078907	12.886134586541464
目论3	0.0	0.0	0.0
九重2	2.0794415416798357	1.791759469228055	14.10111046421173
举火3	0.0	1.3862943611198906	10.307351379277318
译著3	0.0	0.0	10.247927958806518
侄妇4	0.0	0.0	2.4849066497880004
镏金4	0.0	0.6931471805599453	0.6931471805599453
折弯3	0.0	2.772588722239781	0.0
揖别4	0.0	0.0	1.0986122886681098
半折2	0.0	0.0	0.0
迂论4	0.0	0.0	1.0986122886681098
评量3	0.0	0.0	1.3862943611198906
邻邦3	0.0	2.0794415416798357	5.662960480135946
赤子2	1.3862943611198906	3.1780538303479458	15.685474739093715
泰斗2	0.0	2.0794415416798357	6.238324625039508
磁针3	0.0	0.0	0.0
妙计2	4.1588830833596715	10.920455852163727	25.455202301450313
候场3	0.0	0.0	0.0
神祇5	0.0	1.791759469228055	15.638954723458822
虎头2	3.1780538303479453	15.825730630602155	22.680241395065472
修纂5	0.0	0.0	0.0
梁园2	0.0	0.0	3.332204510175204
卿士2	0.0	1.791759469228055	5.159055299214529
挖方3	0.0	0.0	0.0
戏言2	2.0794415416798357	2.772588722239781	12.578683928767258
过活3	1.3862943611198906	13.16979643063896	51.62406903505279
亲随3	0.0	2.890371757896165	6.068425588244111
钻头2	0.0	5.78074351579233	4.564348191467836
镜画3	0.0	0.0	0.0
保证2	40.237247244086156	125.76880609599318	166.6001534186643
扩展2	4.1588830833596715	35.48492194412935	49.11057492841288
铠甲3	7.049254841255837	15.014800414385828	24.143496797321493
偏室3	0.0	0.0	0.6931471805599453
酒客3	0.0	2.0794415416798357	12.136851176488221
工部2	0.0	2.0794415416798357	22.949504881993242
号筒2	0.0	1.0986122886681098	3.8712010109078907
经解3	0.0	0.0	0.6931471805599453
世兄2	0.0	0.0	13.424332896464179
宣誓3	1.3862943611198906	16.806559883613883	54.46471061374359
走路1	41.01595231300775	129.62183806776414	150.510168163536
含有2	3.871201010907891	42.58943916115619	70.74336638312474
海商3	0.0	0.0	2.0794415416798357
异说3	0.0	2.0794415416798357	1.3862943611198906
花房3	1.791759469228055	4.1588830833596715	4.564348191467836
狂吠3	4.382026634673881	37.774603632287494	22.729031559234908
木质2	2.1972245773362196	12.984149036875424	14.727118341934046
九鼎3	0.0	4.564348191467836	12.971726516876867
次官2	0.0	0.0	0.0
宽待3	0.0	0.6931471805599453	2.772588722239781
军龄3	0.0	0.6931471805599453	0.0
倦意3	0.6931471805599453	10.022514258957768	9.939626599152001
信纸2	4.025351690735149	14.909439898728001	41.527372045970196
沉浸3	16.23119573871032	78.09551302957043	85.24570874662327
圆饼3	0.0	0.0	2.0794415416798357
地龙3	0.0	0.0	0.0
开赴3	0.0	9.447150114054208	7.049254841255837
从俗3	0.0	0.0	1.3862943611198906
吟哦3	0.0	2.0794415416798357	9.939626599152001
睡狮2	0.0	0.0	3.1780538303479458
贵妇3	6.222576268071369	18.090094510776005	44.61189377146242
滩簧4	0.0	0.0	0.0
覆盆3	1.6094379124341003	2.3025850929940455	5.950642552587727
着装2	0.6931471805599453	9.534161491043836	18.20527676473233
鹈鹕4	7.454719949364001	2.772588722239781	3.8712010109078907
遗志3	0.0	2.772588722239781	2.0794415416798357
左边1	20.361907945103294	62.212507000944676	123.06902742006629
核计3	0.0	0.6931471805599453	3.58351893845611
不及3	53.91877846797592	187.3606485467505	225.37271653542584
钉鞋3	0.6931471805599453	0.6931471805599453	4.564348191467836
腿脚3	0.0	12.81757583704961	24.184318791841754
险象3	0.0	7.6246189861593985	3.871201010907891
凌虐4	0.0	0.0	11.164218690680674
发排3	0.0	0.0	2.0794415416798357
孤拔3	0.0	0.0	0.0
告状2	5.2574953720277815	18.278012053074075	29.926841094813874
学馆3	0.0	0.0	3.1780538303479453
大北2	0.0	0.0	0.0
醉眼2	0.0	4.1588830833596715	13.74628908892232
风铃2	4.1588830833596715	5.2574953720277815	4.969813299576001
匪帮3	0.0	5.2574953720277815	7.742402021815781
考古3	0.0	11.654425027243928	23.519759068133716
琴谱3	0.0	1.3862943611198906	5.950642552587727
讨债4	0.6931471805599453	4.852030263919617	17.564245585311397
本票2	0.0	2.8903717578961645	0.0
外人2	9.757305042358047	38.8450450439889	102.39704301693881
拙作2	0.0	0.6931471805599453	5.480638923341991
剑侠3	0.0	0.0	4.969813299576001
品茶2	1.3862943611198906	2.0794415416798357	5.950642552587727
水气2	0.6931471805599453	5.375278407684165	10.227308671603783
前定3	0.0	0.0	3.1780538303479453
堵击3	0.0	0.6931471805599453	0.6931471805599453
骑手2	3.1780538303479453	12.070939971538678	24.440504150357256
大会1	13.340823980814156	65.96099164698812	100.30942822134307
汽水2	2.3025850929940455	13.223040945157774	18.271828005218403
棺罩4	0.0	0.6931471805599453	1.0986122886681098
离间2	0.6931471805599453	13.669328047786191	18.324532068708976
建设2	5.886104031450156	53.400891665315584	66.83650916356142
派款3	0.0	0.6931471805599453	0.0
不祥2	5.19295685089021	28.289957360682596	82.88833211281907
寂默3	0.0	0.0	0.0
横街2	0.0	2.4849066497880004	1.3862943611198906
分组3	0.6931471805599453	1.0986122886681098	5.2574953720277815
履新4	0.0	0.0	0.0
曾经2	52.52997523269705	230.26280549199302	297.32996404223024
奇事2	2.772588722239781	6.104793232414985	27.86129434145286
自尊2	10.920455852163727	71.63559759403763	100.72569350381889
绝唱3	0.6931471805599453	6.068425588244111	7.049254841255837
告扰3	0.0	0.0	0.0
分色3	0.0	0.0	0.0
晕倒3	6.238324625039508	32.46126296404083	44.08988929846314
老表3	0.0	0.0	5.170483995038152
目力2	0.0	3.4657359027997265	16.911920399271708
丧事2	0.6931471805599453	22.408063509149663	45.82816008274018
洗雪2	0.0	0.6931471805599453	9.534161491043838
沦落4	1.0986122886681098	14.609335306277663	28.626429597303805
妖风3	0.6931471805599453	0.0	1.0986122886681098
稳便3	0.0	0.6931471805599453	6.173786103901937
停战3	0.6931471805599453	9.757305042358047	17.569116515545996
子畜4	0.0	0.0	0.0
拜揖4	0.0	0.6931471805599453	4.564348191467836
万恶2	0.0	8.435549202375727	21.453511603616924
软语3	0.0	3.1780538303479458	5.950642552587727
军长2	0.0	4.564348191467836	12.650142892749404
认亲3	0.0	0.6931471805599453	5.375278407684165
低级3	1.791759469228055	21.132016166799364	39.56968893848514
间隔2	2.0794415416798357	18.123861373246815	51.43823365895907
配发3	0.0	2.772588722239781	1.3862943611198906
碳酸3	0.0	0.6931471805599453	2.772588722239781
滂沛5	0.0	0.0	0.0
沾亲3	0.0	1.3862943611198906	4.1588830833596715
官属3	0.0	0.0	1.3862943611198906
透雨3	0.0	0.0	2.772588722239781
蚕眠4	0.0	0.0	0.0
痉挛4	0.6931471805599453	24.70311258525691	44.64380706528392
培修4	0.0	0.0	1.0986122886681098
失真2	0.0	0.6931471805599453	3.4657359027997265
腾出3	5.375278407684165	30.6049649736752	47.35940885615008
片言2	1.6094379124341003	1.3862943611198906	18.934791589463153
年资2	0.0	0.0	0.6931471805599453
丛书2	6.396929655216146	34.75255405041613	46.10924666935478
镗孔5	0.0	0.0	0.0
耗羡4	0.0	0.0	0.0
液晶3	0.6931471805599453	0.6931471805599453	2.4849066497880004
火伞3	0.0	0.0	0.6931471805599453
不值2	13.841599268726645	41.43111014636771	100.05079867666646
延安1	0.0	7.745002803515839	12.019068140831838
寒伧5	0.0	1.0986122886681098	17.02970343492809
争权3	0.0	9.416378455387454	10.332669187261608
盘绕3	1.0986122886681098	5.545177444479562	9.704060527839234
邓拓2	0.0	0.6931471805599453	1.3862943611198906
暗疾3	0.0	0.6931471805599453	2.1972245773362196
仲秋2	0.0	1.3862943611198906	2.4849066497880004
主试3	0.0	0.0	1.3862943611198906
常人2	13.271831109327204	34.6245491964399	83.61586882087619
故城2	0.0	1.3862943611198906	8.302017809751204
军服2	2.0794415416798357	14.727118341934046	42.49855635426506
合卺5	0.0	0.6931471805599453	10.514990744055563
山口2	2.6390573296152584	19.433194693230586	18.78064090963589
商场2	1.3862943611198906	14.609335306277663	22.39005619239558
景炎3	0.0	0.0	0.0
擂主4	0.0	0.0	0.0
松缓3	0.0	0.0	1.791759469228055
弱者2	4.564348191467836	26.772984675920604	47.343889096736966
鬼神3	4.990432586778736	21.370908075081715	47.44067966171172
推选3	4.276666119016055	10.16277015046621	11.208137924615508
营地2	1.3862943611198906	48.06267038034391	42.79240813163661
就手3	0.0	0.0	0.0
耸听4	0.6931471805599453	3.4657359027997265	6.3561076606958915
环节2	0.0	23.6326711735555	27.986526931262684
助益3	0.0	2.8903717578961645	4.1588830833596715
边政3	0.0	0.0	0.6931471805599453
街区2	1.3862943611198906	13.405362501951727	21.779454849727287
泰定2	0.0	0.0	0.6931471805599453
指甲3	14.7679403364543	59.36865525868342	78.51552499039707
根蒂2	0.0	0.0	2.772588722239781
字形2	4.276666119016055	28.339876038231843	37.874233473236316
荒诞4	4.969813299576001	26.67719361127892	40.559614874525835
立言2	0.0	0.6931471805599453	11.901285105175454
城区2	2.4849066497880004	11.025816367821553	33.70378956747558
甚且4	0.0	0.0	2.8903717578961645
干冷2	1.791759469228055	1.791759469228055	4.0943445622221
发信2	0.0	12.386792920957156	15.420265522493992
暗道2	3.4657359027997265	7.560080465021827	6.3561076606958915
恰好2	11.901285105175454	54.73630801990357	109.92281152076954
牙石3	0.0	1.0986122886681098	0.6931471805599453
肉圆3	0.0	0.0	0.0
坪坝2	0.0	0.0	0.0
帮衬3	0.0	6.931471805599453	15.483066423733023
兔毛3	0.0	6.3561076606958915	4.0943445622221
乱砍3	0.6931471805599453	5.2574953720277815	4.276666119016055
错爱2	0.0	0.0	7.167037876912221
漕运3	0.0	0.6931471805599453	3.58351893845611
腈纶4	0.0	1.3862943611198906	0.0
软片3	0.0	0.0	0.0
木框3	0.0	1.0986122886681098	6.643789733147672
普贤2	0.0	0.0	0.6931471805599453
工兵2	0.6931471805599453	10.194364515884429	7.4547199493640015
冶工4	0.0	0.0	1.0986122886681098
核批3	0.0	0.0	0.6931471805599453
冻冰3	0.0	0.6931471805599453	4.0943445622221
饺子2	2.4849066497880004	9.534161491043838	25.24639195387265
秦腔3	0.0	0.0	3.091042453358316
召募4	0.0	0.0	1.3862943611198906
终霜4	0.0	0.0	0.0
供状3	0.0	0.6931471805599453	3.6888794541139363
逸书4	0.0	0.0	0.6931471805599453
解事3	0.0	0.0	3.58351893845611
勒令3	0.6931471805599453	8.55333223803211	16.58341633229967
并称2	2.890371757896165	9.447150114054207	7.272398392570047
良友2	0.0	0.0	14.609335306277663
开工2	3.4657359027997265	4.852030263919617	17.709427595155898
黍米5	0.0	0.0	2.4849066497880004
孤胆2	1.3862943611198906	0.6931471805599453	2.772588722239781
冉冉3	6.238324625039508	18.006078337590438	26.276182853520137
颞颥5	0.0	0.0	0.0
下课2	15.566448032672074	35.54613462829735	23.33516736280522
屠场3	0.0	1.3862943611198906	7.6246189861593985
出题2	1.0986122886681098	0.0	6.104793232414985
喷灯2	0.0	0.0	1.3862943611198906
帝号3	0.0	3.401197381662155	2.4849066497880004
拔出2	15.197121971179783	63.054208875827776	82.24721223435391
拿办3	0.0	0.6931471805599453	0.0
烟雨2	2.0794415416798357	9.329367078397823	12.817575837049608
番代3	0.0	0.0	0.0
播映3	0.0	0.6931471805599453	3.1780538303479458
狭窄3	15.718997431132358	75.07375790149698	107.5502084598393
同生2	0.0	7.847762537473608	7.742402021815782
正理3	0.0	0.0	7.203405521083095
邻居2	34.800756152234	111.77946879284995	159.36308199773592
酷似3	4.1588830833596715	16.506455291163544	15.286734129869469
脱空3	0.0	0.0	3.688879454113936
土豚4	0.0	0.0	0.0
树林1	59.03979457761335	161.75323523588807	153.11322475745612
笔直2	15.30248248683761	74.4619618074704	61.945444215695666
航道3	1.6094379124341003	12.86636600121904	11.526591655734043
饰面3	0.0	0.0	0.6931471805599453
抽打3	10.16277015046621	54.92637297075502	42.60292548643997
加护3	0.0	0.0	3.4657359027997265
小旦2	0.0	1.0986122886681098	13.488005991325322
末年3	2.0794415416798357	13.446184496471984	21.67409433406946
流速2	0.0	2.4849066497880004	1.3862943611198906
绳桥3	0.0	0.0	1.0986122886681098
授受3	0.0	0.6931471805599453	4.852030263919617
谎话2	1.791759469228055	11.836746584037883	39.826126584282974
寝具3	0.0	0.6931471805599453	0.0
气忿4	0.0	0.6931471805599453	8.658692753689936
选拔2	3.1780538303479458	12.712215321391783	22.45377200678169
鲜于3	0.0	0.0	1.791759469228055
锱铢5	0.0	1.3862943611198906	13.782656733093194
贸然3	4.1588830833596715	27.593484343153083	37.419782256998076
没人1	39.09375869056975	90.84950554959775	144.3332498686624
地波3	0.0	0.0	0.0
叫板2	2.4849066497880004	1.3862943611198906	2.0794415416798357
原汁3	0.0	2.0794415416798357	2.0794415416798357
成色2	0.0	0.6931471805599453	9.128696382935672
忧烦3	0.0	1.791759469228055	4.1588830833596715
记过2	0.0	1.3862943611198906	1.3862943611198906
哼哼2	20.02543570848208	58.963606730460455	57.918005216852485
修短3	0.0	0.0	2.0794415416798357
治权3	0.0	7.4547199493640015	11.901285105175454
吊杆3	0.6931471805599453	0.0	1.791759469228055
录制3	0.0	1.3862943611198906	7.6246189861593985
调治4	0.0	0.0	5.19295685089021
斗殴4	1.3862943611198906	20.47969098075968	21.812740827360756
统称2	0.0	10.1095256359474	16.988881440407834
免试4	0.0	2.0794415416798357	0.6931471805599453
周年2	3.1780538303479458	25.408682285815424	30.435065936879806
愈加3	4.564348191467836	23.22720606544733	56.79412899417875
过奖3	2.1972245773362196	6.3561076606958915	9.975994243322877
滞闷4	0.0	0.0	0.0
记要3	0.0	0.0	0.0
请吃2	0.6931471805599453	1.3862943611198906	8.841014310483892
深重2	1.791759469228055	24.325818354115448	41.30487805622478
雄浑4	2.8903717578961645	9.010913347279288	11.025816367821553
开垦3	2.0794415416798357	12.019068140831838	20.16693527075578
已往3	0.6931471805599453	2.0794415416798357	23.827643847903015
班轮2	0.0	0.0	0.6931471805599453
或曰4	0.0	3.58351893845611	12.108680299521524
齐头2	0.6931471805599453	4.1588830833596715	6.3561076606958915
顺适3	0.0	0.0	0.6931471805599453
端阳2	1.0986122886681098	1.3862943611198906	14.70464548608199
长工2	1.0986122886681098	8.55333223803211	22.756430533423025
石坊2	0.0	0.0	0.0
项领3	0.0	0.0	1.0986122886681098
建德2	1.6094379124341003	0.6931471805599453	6.386879319362645
茶油2	0.0	2.0794415416798357	1.791759469228055
椰子3	3.1780538303479453	22.006896841801716	19.909428872226954
圈子2	15.78799030261931	61.27819776356786	112.4576674400926
药叉2	0.0	0.0	0.6931471805599453
店面2	1.3862943611198906	0.0	8.723231274827508
援救3	2.0794415416798357	16.131761841722135	10.227308671603781
附议3	0.0	0.0	3.1780538303479458
牌坊3	0.6931471805599453	2.772588722239781	18.428420316046537
新婚2	3.1780538303479458	10.345091707260167	62.83926209171774
麻袋2	0.6931471805599453	18.278012053074075	31.266027377947324
贱内3	0.0	0.6931471805599453	2.4849066497880004
心绪2	2.4849066497880004	18.115893203597643	64.55372474474045
精矿3	0.0	0.0	0.6931471805599453
气焰2	2.4849066497880004	19.396827049059702	23.26802805996759
门风2	0.0	0.0	8.147867129923947
黄色1	41.95856035319927	134.6694453517316	151.8847060993252
就是1	140.81187266307046	457.1610934798408	532.9850649323204
递升3	0.0	0.0	0.6931471805599453
王母2	2.6390573296152584	2.772588722239781	19.514610084716093
时速2	0.0	14.727118341934046	5.545177444479562
芦柴3	0.0	1.3862943611198906	0.6931471805599453
都市1	5.545177444479562	27.832376251435424	64.4295342055771
邪法4	0.0	0.0	2.772588722239781
褴褛4	2.772588722239781	24.184318791841743	54.04994720248765
公海2	0.0	0.0	2.0794415416798357
版面2	1.3862943611198906	4.276666119016055	5.480638923341991
直截4	5.768320995793772	25.18495067214965	54.62735289837074
滤纸3	0.0	0.0	0.0
拆卖3	0.0	0.0	1.791759469228055
辉石2	0.0	0.0	0.0
顶珠3	0.0	0.0	0.0
算账4	5.950642552587727	22.35173732809344	51.36436985723749
淡月3	0.0	1.3862943611198906	2.772588722239781
杀价3	0.0	2.0794415416798357	2.0794415416798357
擂槌4	0.0	0.0	0.0
药学2	0.6931471805599453	2.0794415416798357	3.4657359027997265
凌空2	4.094344562222101	26.012445905240668	17.969710693419565
感怀3	0.0	1.791759469228055	11.536641991587544
无援4	0.6931471805599453	15.59016455928939	13.117680429499947
扰动4	0.0	2.0794415416798357	8.030084094267563
台历2	0.0	1.0986122886681098	1.3862943611198906
太白2	0.6931471805599453	2.772588722239781	16.00805218739611
洗印3	0.0	0.0	1.3862943611198906
强悍3	6.148468295917647	24.32581835411545	24.93755014318988
朝野2	0.0	7.049254841255837	13.223040945157772
论处2	0.6931471805599453	3.1780538303479458	2.0794415416798357
供词3	0.0	4.564348191467836	12.299781543967525
弹腿3	0.0	0.0	0.0
大火2	9.886137914201015	47.65051441705338	54.82559522158588
决断3	1.3862943611198906	15.302482486837608	29.044317225410538
拂衣4	0.0	0.0	7.049254841255837
内腔3	0.0	0.0	0.0
蒜泥3	0.0	0.6931471805599453	1.0986122886681098
差使2	2.4849066497880004	9.128696382935672	35.934470578775226
祖父2	10.8052735982074	73.50093548977	124.31810735374819
虾蟆3	0.0	0.0	9.980448593672257
筵席4	1.791759469228055	7.783224016336037	34.29902721149699
改期4	0.0	0.0	2.0794415416798357
矜持4	3.1780538303479453	19.222473661914925	44.207672334119515
人权2	0.0	10.227308671603783	13.695645356103567
战线3	0.0	16.481137483179253	20.35745359475391
主人1	58.879985225082535	233.9813603712301	304.71732031695313
去暑3	0.0	0.0	1.3862943611198906
喜雨3	1.3862943611198906	0.0	1.3862943611198906
督理4	0.0	0.0	1.3862943611198906
铁轨3	3.1780538303479453	14.889010145817307	24.898187295214953
呐喊3	6.3561076606958915	53.28633488212047	56.7351939145723
艳妆3	0.0	0.0	9.246479418592056
终天2	0.0	0.0	4.564348191467836
纪实2	0.6931471805599453	5.2574953720277815	6.556778356158043
遮拦4	0.6931471805599453	11.48007164009915	17.734144622106797
老者1	8.014335737299424	17.941539816452867	50.478931588846095
人寰5	2.1972245773362196	4.969813299576001	5.950642552587727
锦西2	0.0	0.6931471805599453	0.0
球体2	0.0	3.1780538303479453	6.962243464266207
税利3	0.0	0.0	0.0
讨赏3	0.0	2.0794415416798357	1.791759469228055
袍哥4	0.0	0.6931471805599453	1.0986122886681098
杂役3	2.1972245773362196	3.401197381662155	11.074606531990986
失欢3	0.0	0.0	3.4011973816621555
母畜3	0.0	0.0	2.3025850929940455
石雕3	0.6931471805599453	12.999897393843563	15.014800414385828
乘虚3	0.6931471805599453	9.416378455387454	10.38145935143104
好胜3	0.6931471805599453	7.6246189861593985	23.514888137899124
生境2	0.0	0.0	0.0
赎金3	0.0	7.00669522683704	11.437512025680356
贵阳2	0.0	2.9957322735539913	4.787491742782046
标本2	9.435721418230585	34.555727807419295	28.748666983309576
精明2	5.662960480135946	44.276665205606456	92.0563285687108
面相2	8.55333223803211	41.01459520207295	54.56222631488162
剔透3	5.075173815233827	9.416378455387454	14.897017378729444
重奏3	4.564348191467836	4.219507705176107	7.508787170634277
重镇2	0.0	6.173786103901937	7.6246189861593985
儒雅3	0.6931471805599453	4.564348191467836	11.613603032723672
遗容3	0.0	0.6931471805599453	8.946374826141717
开刀2	2.0794415416798357	11.03823888782011	12.13685117648822
场子2	3.8712010109078907	7.965545573129992	21.300177583696225
骑兵1	6.238324625039508	48.19689309508896	78.01026968479613
伸冤4	0.0	0.6931471805599453	8.99961934066053
刚石2	0.0	3.688879454113936	6.866933284461882
釉质3	0.0	0.6931471805599453	0.6931471805599453
尔后4	0.6931471805599453	12.999897393843565	11.405963667945429
皈依4	0.0	10.6735957742322	34.79688986423618
平复3	2.0794415416798357	11.549064511586103	24.87746597240169
人言3	0.0	1.0986122886681098	23.15647557406185
趿拉5	2.4849066497880004	3.8712010109078907	8.030084094267563
溢价3	0.0	0.0	0.6931471805599453
毛钱2	0.6931471805599453	13.928610645716274	33.101176969801344
拜辞3	0.0	0.0	9.189321004752106
忧心2	10.499242387087424	50.74040353049473	60.39234805719493
蔬菜2	8.63052187672324	47.036587237415524	55.5720431047666
清誉3	0.0	0.0	2.0794415416798357
熔铸4	1.0986122886681098	2.0794415416798357	7.860185057472165
狸藻4	0.0	0.0	0.0
顶数3	0.0	1.6094379124341003	0.0
震怒3	1.3862943611198906	8.435549202375727	21.460520233771405
隶农4	0.0	0.0	0.0
保举2	0.0	1.3862943611198906	8.55333223803211
旋转2	28.127530035821863	84.617889850565	99.14694078731821
酸枣3	0.6931471805599453	3.4011973816621555	6.915723448631314
漏刻4	0.0	0.0	0.6931471805599453
音讯2	2.0794415416798357	8.147867129923947	22.246376812435617
英石2	0.6931471805599453	0.0	0.6931471805599453
全福3	0.0	0.0	1.791759469228055
鬼脸2	10.604602902745249	30.11248848857741	39.892682966672744
裱糊5	0.0	3.401197381662155	11.272432275320906
淤滞4	0.0	0.0	0.6931471805599453
足茧4	0.0	0.0	0.0
五荤4	0.0	0.0	0.6931471805599453
扩建3	2.4849066497880004	5.545177444479562	11.03823888782011
外族2	0.0	8.616133139271142	11.767753712550931
保税2	0.0	0.0	0.0
过境2	0.6931471805599453	7.763021309018518	17.90517217228199
姻家4	0.0	0.0	6.579251212010101
城府2	1.0986122886681098	4.0943445622221	13.405362501951727
皂片3	0.0	0.0	0.0
玉照2	0.6931471805599453	3.1780538303479458	1.3862943611198906
依旧2	19.52565992090268	74.10064453085208	133.23338808862076
群英2	0.0	2.0794415416798357	2.4849066497880004
探亲2	1.3862943611198906	3.1780538303479453	20.272295786413608
电复3	0.0	0.0	0.6931471805599453
礼法2	1.9459101490553132	7.272398392570047	26.987679172748287
蚀损4	0.0	0.0	0.0
年末2	0.0	7.416979621381154	2.0794415416798357
天放2	0.0	2.4849066497880004	2.772588722239781
愚见4	0.0	3.4657359027997265	15.579693259422093
店子3	0.6931471805599453	0.0	2.772588722239781
净高3	0.0	0.0	0.0
纤人4	0.0	0.0	0.0
密书2	0.0	0.0	4.356708826689592
训勉4	0.0	0.0	0.0
濯缨4	0.0	0.0	1.0986122886681098
调查2	15.35572700135642	79.22375066075703	114.29461316250296
显晶2	0.0	0.0	0.0
史学2	2.995732273553991	36.51714214301058	63.85432597026269
