ci	pre	mid	high
华灯	1.791759469228055	1.791759469228055	3.1780538303479453
飞艇	1.791759469228055	3.6109179126442243	3.401197381662155
荒寂	0.6931471805599453	1.791759469228055	5.375278407684165
套间	5.4116460518550396	7.534762657037538	18.37517580152773
密植	0.0	0.0	0.6931471805599453
眨眼	26.66922544162975	83.6399854275148	87.81895868676835
断想	0.0	0.0	0.0
亡灵	0.0	9.416378455387454	17.31293115703049
厄境	0.0	0.6931471805599453	0.6931471805599453
浮名	0.0	2.4849066497880004	4.969813299576001
囚犯	6.915723448631313	33.84662610557751	69.14265776653082
琴师	3.1780538303479458	5.2574953720277815	7.677863500678211
伏羲	0.6931471805599453	2.70805020110221	14.244692192689755
审讯	8.697011617992073	25.303550367712592	44.3806105680327
拦截	2.772588722239781	20.795543930178155	17.718396265138658
琼瑶	0.0	1.6094379124341003	6.068425588244111
孤愤	0.0	3.9889840465642745	5.662960480135946
积压	2.772588722239781	6.461468176353717	7.336936913707618
抛空	0.0	0.0	2.6390573296152584
休业	0.0	0.0	0.0
乞怜	0.0	11.208137924615508	19.461365570197277
寓言	10.0519075576544	22.30781809415861	59.653492379002984
担搁	0.0	0.0	1.3862943611198906
面罩	0.6931471805599453	9.218308541625358	17.394346548516005
料事	0.6931471805599453	2.0794415416798357	6.931471805599453
上岸	17.85387887789444	73.44076261314476	64.00913740040733
平均	5.075173815233827	39.55930796946611	46.212584939631824
民房	1.0986122886681098	1.791759469228055	11.313498440273335
顶天	0.6931471805599453	6.643789733147672	11.248959919135764
摊派	0.0	4.969813299576001	5.480638923341991
糟粕	0.6931471805599453	2.772588722239781	7.742402021815782
年画	0.0	2.0794415416798357	7.742402021815782
村镇	0.0	4.852030263919617	13.340823980814156
上工	0.6931471805599453	6.3561076606958915	25.595305765552016
叫门	0.0	5.075173815233827	10.38145935143104
碑碣	0.0	0.0	2.772588722239781
女奴	0.0	4.382026634673881	15.950893773556164
迷漫	0.6931471805599453	7.049254841255837	3.871201010907891
什锦	0.0	1.3862943611198906	5.662960480135946
褶裥	0.0	0.6931471805599453	4.969813299576001
银粉	0.0	0.0	0.6931471805599453
珍奇	1.791759469228055	7.049254841255837	20.888481925837425
牧区	0.0	0.0	7.426549072397305
党纲	0.0	2.1972245773362196	0.0
插屏	0.0	0.0	1.0986122886681098
搭救	3.58351893845611	22.38923348564412	24.589783899949918
黑信	0.0	0.6931471805599453	0.0
沿用	0.0	10.920455852163727	20.33683430755118
保用	0.0	0.0	0.0
炎炎	1.3862943611198906	8.723231274827508	16.177951224191506
苦事	0.0	1.3862943611198906	12.529893764597826
前奏	2.0794415416798357	14.386191754963454	15.707947594945773
栅极	0.0	0.0	0.0
倒塌	5.662960480135946	22.233954292437055	39.06558781360307
藜芦	0.0	0.0	0.0
需用	0.0	7.049254841255837	16.67302849098936
节日	15.669726382125576	55.30646070468797	87.01945716637566
柴房	0.0	1.3862943611198906	4.0943445622221
痘苗	0.0	0.0	0.0
固执	14.139331677031928	77.93688352478844	100.83276474283281
壁龛	1.0986122886681098	4.564348191467836	18.05932285210925
沉渣	0.0	1.3862943611198906	2.1972245773362196
外婆	12.984149036875424	31.363607706286185	31.74768162441304
未便	0.0	0.0	11.597854675755533
蜜蜡	0.0	0.0	1.3862943611198906
秀气	2.772588722239781	19.068322982087675	18.192854244733773
畜肥	0.0	0.0	0.0
芥末	2.4849066497880004	4.025351690735149	12.93535887270599
手工	7.049254841255837	23.67349316807576	40.873095639799246
鸱尾	0.0	1.0986122886681098	3.8712010109078907
方巾	0.0	2.772588722239781	10.326399574248013
槐豆	0.0	0.0	0.6931471805599453
封爵	0.0	2.772588722239781	8.881836305004146
干涸	4.969813299576001	19.409249569058257	34.991045878677134
节拍	3.4657359027997265	16.624238326819924	21.707380311702927
改辙	0.0	0.0	1.3862943611198906
巨着	0.0	0.0	0.0
打猎	20.62954926667163	72.01684114840108	88.31648716102605
从速	0.0	3.8712010109078907	7.742402021815782
爪甲	0.0	0.0	3.1780538303479453
食器	0.0	0.0	12.306750213283618
吉祥	2.4849066497880004	13.510723017609553	34.07775600852438
父辈	0.6931471805599453	8.99516499031115	19.879253198303996
粉白	1.3862943611198906	3.688879454113936	13.669328047786193
坏人	12.165250651009917	39.117231046754895	79.38441978571458
少待	0.0	0.6931471805599453	7.60887062919126
缓步	1.6094379124341003	7.491087593534876	17.851927657763177
发声	1.791759469228055	15.590164559289391	19.445617213229138
信义	0.6931471805599453	10.6735957742322	19.56340024888552
外路	0.0	3.1780538303479453	7.336936913707618
飞鸿	0.0	0.0	3.4657359027997265
神髓	0.0	0.0	0.6931471805599453
质押	0.0	0.0	2.4849066497880004
筹措	0.0	6.761572768804056	11.208137924615508
绝倒	0.0	0.0	3.1780538303479458
真经	0.0	0.6931471805599453	8.253227645581772
闭经	0.0	0.0	0.0
扶柩	0.0	0.6931471805599453	6.068425588244111
虚耗	0.0	1.791759469228055	4.1588830833596715
西门	0.6931471805599453	13.459429723222003	33.35001738319481
毛票	0.0	1.3862943611198906	1.3862943611198906
木鸡	3.4657359027997265	9.821843563495618	18.780640909635892
阴曹	0.0	3.4657359027997265	14.370443397995315
檀板	0.0	0.6931471805599453	1.3862943611198906
讨伐	5.087596335232384	26.52564371315173	26.355021924799914
宝宝	10.199137794637085	33.17590596080502	22.70371375125062
改建	0.6931471805599453	7.4547199493640015	17.312931157030494
吡啶	0.0	0.0	0.0
积冰	0.0	0.0	1.3862943611198906
春播	0.0	1.791759469228055	3.1780538303479458
根由	0.0	2.995732273553991	15.27716467885332
创举	0.6931471805599453	3.1780538303479458	3.4657359027997265
适口	0.0	0.0	2.0794415416798357
害喜	0.0	0.0	0.0
余毒	0.0	0.6931471805599453	2.0794415416798357
假装	20.272295786413604	67.16430179501799	123.7120812099108
开采	1.3862943611198906	12.412110728941444	7.4547199493640015
苇子	0.6931471805599453	3.58351893845611	4.6443908991413725
委用	0.0	0.0	0.6931471805599453
清册	0.0	0.0	1.0986122886681098
台球	0.6931471805599453	3.1780538303479458	19.141598721457665
受害	0.6931471805599453	30.94712777538406	60.36238791653104
砂纸	0.0	4.1588830833596715	6.643789733147672
河系	0.6931471805599453	1.3862943611198906	8.77647578934632
水禽	0.0	2.995732273553991	1.3862943611198906
艾草	0.0	0.0	6.962243464266207
差距	4.276666119016055	22.181838291298043	29.518775205005657
罢兵	0.0	1.791759469228055	7.572502985020384
发狠	3.8712010109078907	16.17795122419151	16.518877811162103
屋脊	0.0	22.159365435445984	21.057908194645638
复旦	0.0	4.787491742782046	3.8712010109078907
堂倌	0.0	5.605802066295997	11.025816367821553
勾当	6.3561076606958915	22.980345987515815	67.3342008318134
垂询	0.0	2.0794415416798357	4.852030263919617
汇编	0.6931471805599453	5.545177444479562	10.89228497519703
顺适	0.0	0.0	0.6931471805599453
大哗	0.6931471805599453	0.6931471805599453	3.9889840465642745
家奴	0.0	2.772588722239781	13.900439768749578
磋商	0.0	5.2574953720277815	9.010913347279288
人事	2.0794415416798357	26.312550497691024	91.73566710944391
珍秘	0.0	0.6931471805599453	0.6931471805599453
大夫	9.939626599152	70.71198744986715	141.72402077158546
除罪	0.0	0.0	0.6931471805599453
碧空	2.0794415416798357	7.336936913707618	6.761572768804056
顶多	7.336936913707618	40.39531182323455	35.6643904319409
锅灶	0.0	1.791759469228055	6.579251212010101
近期	1.3862943611198906	9.821843563495618	16.044419831566984
那些	111.46746296366697	356.76757167505224	437.1907449770301
脚踵	0.0	0.6931471805599453	2.4849066497880004
二伯	0.0	1.3862943611198906	5.135798437050262
蝶衣	0.6931471805599453	0.6931471805599453	0.0
釉质	0.0	0.6931471805599453	0.6931471805599453
途经	1.3862943611198906	23.321272574486404	17.366175671549303
军官	5.662960480135946	65.39116508153548	120.54332627352184
绒线	3.688879454113936	1.3862943611198906	13.693044574403508
增高	1.3862943611198906	7.4547199493640015	9.469622969906265
畏罪	0.0	1.3862943611198906	6.3561076606958915
卤味	0.0	0.0	0.6931471805599453
公制	0.0	0.0	0.6931471805599453
换毛	0.6931471805599453	0.6931471805599453	3.1780538303479453
闷棍	0.0	5.480638923341991	3.4657359027997265
冲凉	0.6931471805599453	1.3862943611198906	1.791759469228055
大漠	0.6931471805599453	6.761572768804056	10.373491181781864
未来	23.25406382479296	124.95752222345754	193.21551632072638
漏洞	4.1588830833596715	17.68202862096778	32.51450747855965
阿嚏	1.9459101490553132	0.0	0.0
授粉	0.0	1.3862943611198906	1.3862943611198906
撒谎	10.31692083029347	31.74439925686357	69.04435238292243
按键	0.0	1.3862943611198906	3.5835189384561104
监视	13.773688063110432	52.63524898271747	76.86763726758774
印泥	0.6931471805599453	0.6931471805599453	2.0794415416798357
蝉纱	0.0	0.0	1.3862943611198906
冒进	0.0	2.0794415416798357	1.3862943611198906
飞人	1.791759469228055	9.416378455387454	6.222576268071369
附身	1.0986122886681098	6.591673732008659	6.643789733147672
秤杆	0.0	1.791759469228055	2.772588722239781
针迹	0.0	0.0	0.6931471805599453
迷瞪	0.0	6.643789733147672	3.1780538303479453
预言	5.598421958998375	40.48824981889381	88.08477780125219
长鼓	0.0	1.3862943611198906	0.0
自满	0.6931471805599453	11.143599403477937	19.962140858109766
河沿	0.0	5.662960480135946	8.70748291785937
塞车	0.0	2.0794415416798357	1.3862943611198906
脚手	0.0	4.276666119016055	12.136851176488221
拗体	0.0	0.0	1.6094379124341003
扫尾	0.0	0.6931471805599453	0.0
纸鸢	0.0	0.0	6.579251212010101
正在	92.31981700387202	312.04852439545425	363.8082880841746
愤世	0.6931471805599453	5.662960480135946	17.499707064173826
跂望	0.0	0.0	0.0
阴气	1.0986122886681098	3.871201010907891	11.49581999706729
购得	0.0	2.8903717578961645	9.416378455387454
良材	0.0	0.6931471805599453	4.0943445622221
两侧	10.499242387087422	73.8301166926731	62.271449536578146
影剧	0.6931471805599453	5.545177444479562	4.969813299576
部将	1.3862943611198906	5.662960480135946	13.693044574403508
叫阵	0.6931471805599453	1.3862943611198906	1.3862943611198906
卷宗	1.0986122886681098	4.430816798843313	9.169518377455928
领空	0.0	1.3862943611198906	1.0986122886681098
斜楞	0.0	0.0	0.0
菌子	0.0	3.1780538303479458	2.4849066497880004
吃苦	0.6931471805599453	28.420162916337542	58.54424683403349
油脂	1.791759469228055	15.538048558150376	14.086087162513117
换牙	0.0	0.0	1.791759469228055
问好	4.68213122712422	28.173302838406023	43.58683947788752
狂风	21.553229631875674	69.55166583671534	91.3019696251518
垂首	0.0	0.6931471805599453	10.802672816507345
顿消	0.6931471805599453	4.025351690735149	4.969813299576001
上焦	0.0	0.0	0.0
谎言	2.3025850929940455	35.286324298020844	52.08336157812763
勾缝	0.0	0.0	0.0
萦纡	0.0	0.0	1.0986122886681098
三季	0.0	0.6931471805599453	6.643789733147672
演武	0.0	0.0	3.1780538303479458
收条	0.0	2.772588722239781	6.3561076606958915
胁迫	1.791759469228055	7.742402021815782	16.044419831566984
进气	0.0	1.3862943611198906	0.6931471805599453
黑糖	0.0	0.0	0.6931471805599453
执着	3.1780538303479458	16.539245113986535	37.94165771695065
便捷	0.0	3.871201010907891	10.044987114809828
花事	0.0	1.791759469228055	2.4849066497880004
短暂	16.636660846818483	75.69911341191559	94.49348873012903
债户	0.0	0.0	1.791759469228055
伙同	0.0	5.950642552587727	4.969813299576001
叽咕	6.3561076606958915	12.701744021524487	14.082761325543533
粮行	0.0	2.302585092994046	0.6931471805599453
阿叔	1.0986122886681098	1.6094379124341003	8.879333174786028
自由	48.72013312200332	198.78100700850098	292.5795977400317
圆坟	0.0	0.0	0.0
猫鱼	0.0	0.6931471805599453	0.0
挫伤	0.0	6.931471805599453	5.545177444479562
烟霭	0.6931471805599453	2.3025850929940455	1.791759469228055
扭结	0.6931471805599453	0.0	3.1780538303479458
教员	0.0	22.887785387864316	48.74442818493993
身姿	1.0986122886681098	8.147867129923947	12.866366001219042
符应	0.0	0.0	1.3862943611198906
胡豆	0.0	0.0	0.0
奇技	0.0	0.0	3.4657359027997265
综述	0.0	0.0	2.0794415416798357
石材	0.0	2.995732273553991	4.1588830833596715
主粮	0.0	0.0	0.0
娘儿	0.6931471805599453	7.847762537473608	44.636954344718596
通年	0.0	0.6931471805599453	0.0
偏巧	0.0	3.58351893845611	11.038238887820112
观测	0.0	12.930718493149488	19.217501001245545
许字	0.0	0.0	3.8066624897703196
奇兵	0.0	0.6931471805599453	5.950642552587727
偿付	0.0	4.564348191467836	9.416378455387454
官人	0.0	0.0	31.994027384044514
秘要	0.0	0.0	0.0
骨头	32.6379729624535	112.63062008180717	134.15453245814038
自新	2.0794415416798357	12.529893764597828	22.79802443072186
首饰	4.382026634673881	13.878447797734871	72.51512555651942
险胜	0.0	0.0	1.3862943611198906
构建	1.3862943611198906	15.36702100797518	11.443703995928276
枪崩	0.0	3.871201010907891	1.6094379124341003
图像	1.3862943611198906	16.991482222107894	30.97220886896317
崚嶒	0.0	0.0	2.4849066497880004
百灵	2.772588722239781	7.049254841255837	22.49013965095256
槁木	0.0	1.791759469228055	3.8712010109078907
昵爱	0.0	0.0	0.0
来函	0.0	3.871201010907891	2.772588722239781
目镜	0.0	2.4849066497880004	2.0794415416798357
钢瓶	0.0	0.0	0.0
末梢	0.6931471805599453	5.662960480135946	4.969813299576001
推出	8.147867129923947	45.21430027995287	59.585872191327994
波兰	0.6931471805599453	33.58355088659945	45.67716879913081
分担	4.969813299576001	20.696110033189967	39.05293669604949
鬼魅	1.3862943611198906	3.1780538303479458	16.518877811162103
博大	3.8712010109078907	23.450349616761542	24.613500426567228
马槽	0.6931471805599453	1.3862943611198906	11.718963548381499
缺课	1.0986122886681098	2.6390573296152584	1.791759469228055
停电	1.0986122886681098	2.0794415416798357	1.791759469228055
做工	3.1780538303479458	30.846874243542825	45.58194993706422
初月	0.0	0.0	0.0
报站	0.0	0.0	2.4849066497880004
寒战	3.1780538303479458	16.73756701212693	20.83191157434902
追逼	0.0	0.6931471805599453	7.4547199493640015
陪伴	20.033403878131253	71.64130797633071	99.47209026703284
傻乐	0.0	0.6931471805599453	0.6931471805599453
营建	1.9459101490553132	3.6888794541139363	14.897017378729446
解码	0.0	0.0	1.0986122886681098
试验	7.89655270164304	47.350484582574154	69.43169945849863
武汉	0.6931471805599453	6.992096427415888	15.027222934384385
弹簧	8.030084094267563	29.202922255587186	35.153564808174906
敛衣	0.0	0.0	0.6931471805599453
恹恹	1.3862943611198906	8.060855752934316	19.822911444370607
白送	0.6931471805599453	6.643789733147672	6.238324625039508
武人	0.0	1.3862943611198906	5.545177444479562
运载	0.6931471805599453	5.662960480135946	9.010913347279288
常住	0.6931471805599453	2.4849066497880004	11.325920960271892
挡寒	0.0	0.6931471805599453	0.6931471805599453
开发	7.655390644826152	35.03553760208635	46.100453917406796
员额	0.0	1.3862943611198906	0.6931471805599453
贩夫	0.6931471805599453	0.6931471805599453	2.0794415416798357
少校	4.276666119016055	26.089208235403234	27.332414434648907
跳舞	29.368907393061445	74.56440454605125	131.6866563269697
毒计	0.0	2.772588722239781	3.401197381662155
自苦	0.0	0.0	9.169518377455926
专利	1.791759469228055	14.033971161374103	23.029136151685243
括发	0.0	0.0	1.3862943611198906
赫然	2.772588722239781	20.900904445835977	29.336453648211695
家慈	0.0	0.0	1.791759469228055
勘验	0.0	0.0	0.6931471805599453
酱菜	0.0	3.332204510175204	2.3025850929940455
形影	8.589699882202986	28.732918626341437	36.97349515436966
知识	24.638574064119343	148.1973569134387	209.2138112410502
雌花	0.0	3.912023005428146	0.0
虚设	0.0	6.761572768804056	9.128696382935672
乐团	1.0986122886681098	4.0943445622221	17.18200054610603
灵敏	8.030084094267563	45.815866575788355	48.117094557847615
证果	0.0	0.0	0.6931471805599453
呈献	0.6931471805599453	3.4657359027997265	19.86291677898431
道统	0.0	0.0	1.0986122886681098
心传	0.0	0.6931471805599453	0.6931471805599453
徽帜	0.0	0.0	0.0
追溯	1.0986122886681098	13.628506053265937	32.91997258666781
官称	0.0	0.0	0.6931471805599453
编选	0.0	1.3862943611198906	6.579251212010101
赝本	0.0	0.0	0.0
替补	1.0986122886681098	2.772588722239781	4.1588830833596715
灵应	0.0	1.9459101490553132	3.1780538303479458
完备	0.0	11.079060882340364	24.966849533536386
百里	5.950642552587727	37.33445296619143	68.32972275335824
散闷	0.0	0.0	2.0794415416798357
无缺	0.6931471805599453	16.00805218739611	37.366537742479274
训喻	0.0	0.6931471805599453	0.0
制服	8.014335737299424	49.76290011445258	116.12979733056955
芦荻	0.0	0.0	3.1780538303479458
重修	0.6931471805599453	6.643789733147672	17.564245585311397
育才	0.0	0.0	0.0
窥觑	0.0	0.0	1.0986122886681098
谈吐	1.791759469228055	11.431281475929719	46.95394374804191
分歧	1.3862943611198906	29.75296859250644	46.515853412617666
成交	0.0	7.965545573129992	18.545074838323124
脱脂	0.0	0.6931471805599453	2.4849066497880004
溶合	0.0	0.0	0.6931471805599453
海瑞	0.6931471805599453	2.9444389791664403	7.02108396428914
认生	0.0	1.3862943611198906	1.3862943611198906
难产	0.0	4.1588830833596715	14.503974790619838
回护	0.0	0.0	6.866933284461882
律己	0.0	1.3862943611198906	7.742402021815782
枱子	0.0	0.0	0.0
警觉	11.443703995928274	48.92047318429999	51.074605618581394
夜中	0.6931471805599453	2.0794415416798357	8.435549202375727
秋熟	0.0	0.6931471805599453	0.0
火红	6.356107660695891	31.75236742651275	29.100887576898927
数目	8.40737832540903	35.952072504392675	105.55498853111834
分摊	0.0	0.0	8.435549202375727
稀疏	5.2574953720277815	38.108475087208646	60.606150755048
衡器	0.0	0.0	0.0
梅花	6.3561076606958915	28.88706930616871	60.1638822018824
跃迁	0.0	0.0	0.0
总计	0.0	2.772588722239781	15.682629786961483
电汇	0.0	0.0	5.950642552587727
火器	0.0	7.572502985020385	15.52562603815182
凌侮	0.0	0.0	0.6931471805599453
篷车	4.382026634673881	1.3862943611198906	12.155200315156417
牛虻	1.6094379124341003	9.282847062762931	5.298317366548037
包围	14.812276150274354	98.20871765062022	103.74103769794716
鹅湖	0.0	2.0794415416798357	4.5217885770490405
选留	0.0	0.0	0.0
沿岸	3.1780538303479453	24.161601765557517	28.93098854010354
咿哑	0.0	0.0	1.791759469228055
暴躁	6.733401891837359	50.20895861952597	63.84195760264401
证道	0.0	0.0	0.0
世间	16.23119573871032	44.78522441355952	138.92227414856453
糯稻	0.0	0.0	0.0
平足	0.0	1.3862943611198906	2.0794415416798357
缔结	1.0986122886681098	5.545177444479562	29.741918756319865
月色	7.138866999945525	24.800504931265564	55.797566957076036
汽酒	0.0	0.6931471805599453	0.0
丑恶	2.0794415416798357	28.30433110081242	68.02929923250461
阴兵	0.6931471805599453	0.0	0.6931471805599453
钢骨	0.0	0.6931471805599453	2.0794415416798357
畸变	0.0	1.3862943611198906	0.6931471805599453
褶子	2.4849066497880004	2.0794415416798357	12.999897393843563
封疆	0.6931471805599453	2.4849066497880004	8.776475789346321
老爷	24.214806319237947	69.80130259025056	166.18898748077785
督办	0.0	1.791759469228055	6.396929655216147
凄切	0.0	4.382026634673881	8.435549202375727
洋楼	0.6931471805599453	2.4849066497880004	4.68213122712422
东土	0.0	0.0	0.6931471805599453
国葬	0.0	1.0986122886681098	2.0794415416798357
挤进	5.2574953720277815	26.628403447109495	31.28806181838165
铺摊	0.0	0.0	0.0
还乡	1.3862943611198906	8.723231274827508	31.100042240473062
琼林	0.6931471805599453	2.0794415416798357	0.6931471805599453
说客	0.0	7.336936913707618	9.351839934249883
联赛	0.0	1.3862943611198906	3.1780538303479453
操练	1.3862943611198906	21.616030533114703	23.6510203122237
货源	0.0	1.3862943611198906	0.6931471805599453
鬼节	0.0	0.6931471805599453	3.1780538303479458
啪嗒	6.802394763324311	15.722970896644387	11.156021923476494
卓识	0.0	8.435549202375727	8.435549202375727
三山	0.6931471805599453	3.58351893845611	12.059890135352092
雪崩	0.0	6.173786103901937	6.068425588244111
耳屎	0.0	1.6094379124341003	1.3862943611198906
狠心	7.860185057472166	27.0214460352191	61.58512643941042
明洁	0.0	1.3862943611198906	2.772588722239781
钦差	0.0	6.962243464266208	12.59638350586666
古铜	3.1780538303479458	14.321653233825883	18.08749372907594
起租	0.0	0.0	0.6931471805599453
平顶	0.0	1.3862943611198906	12.124428656489664
栈单	0.0	0.0	0.0
敢于	3.4657359027997265	51.47642789434304	65.95455360032939
祥云	0.6931471805599453	1.3862943611198906	7.049254841255837
季秋	0.0	0.0	0.6931471805599453
狙诈	0.0	0.0	1.3862943611198906
溪谷	0.0	1.3862943611198906	12.684044444425087
滚动	13.223040945157774	55.35799623648137	38.308496221102
新居	3.1780538303479458	9.821843563495618	22.40052749226287
急病	0.0	5.545177444479562	5.950642552587727
忠魂	0.0	0.0	3.1780538303479453
过房	0.0	0.0	0.0
脆性	0.0	0.0	0.0
奔涌	1.0986122886681098	10.920455852163728	11.549064511586101
井然	2.772588722239781	21.77637318318988	28.06348797239881
爱慕	2.4849066497880004	23.95112490467404	70.24494770648015
明白	86.73780786585512	288.3707003779554	373.78500302448685
相熟	0.0	3.1780538303479458	14.791656863071617
水电	0.0	4.276666119016055	10.09377727897926
肃静	1.791759469228055	13.101344010180252	36.292999091363285
近臣	0.6931471805599453	1.0986122886681098	3.9889840465642745
纠葛	2.0794415416798357	9.128696382935672	22.469520363749826
遗毒	0.0	0.0	1.0986122886681098
耳廓	0.0	11.379988181542167	2.772588722239781
跳脱	0.0	0.0	4.852030263919617
榴弹	0.0	14.314684564509788	17.2400243862224
迫切	3.871201010907891	39.84674587148571	63.969851979159486
通体	5.19295685089021	10.632773779711947	17.158780477203234
星辰	1.0986122886681098	16.737567012126927	35.915704860221794
花脸	0.0	6.104793232414985	8.55333223803211
开放	16.559699805682357	83.19465535579984	89.98305321430111
集刊	0.0	0.0	1.0986122886681098
嵯峨	0.0	3.4657359027997265	4.852030263919617
荏苒	0.6931471805599453	4.564348191467836	15.063590578555258
头陀	0.0	1.3862943611198906	7.655390644826153
国故	0.0	0.0	2.4849066497880004
盆景	1.0986122886681098	0.0	10.855917331026156
天葬	0.0	1.3862943611198906	6.835184586147301
兼任	0.6931471805599453	7.336936913707618	13.436134160618481
云子	0.0	0.0	2.772588722239781
禁火	0.0	0.0	1.0986122886681098
宗祠	0.0	0.0	5.170483995038152
惊马	0.6931471805599453	1.6094379124341003	2.4849066497880004
平静	42.97890392791791	154.63808374864027	214.93821016007684
黄牌	0.6931471805599453	2.772588722239781	0.0
兽行	0.0	1.3862943611198906	4.852030263919617
籽实	0.0	0.0	0.0
交警	1.0986122886681098	2.4849066497880004	1.3862943611198906
家祖	0.0	0.6931471805599453	1.791759469228055
菽麦	0.0	0.0	0.6931471805599453
春令	0.0	0.0	0.0
废然	0.0	0.0	0.6931471805599453
窑洞	1.0986122886681098	2.4849066497880004	20.743564529417206
经脉	2.9957322735539913	0.0	2.0794415416798357
紧紧	64.36428940886225	201.98525092790683	199.1684784527478
失仪	0.0	0.6931471805599453	2.772588722239781
进场	0.6931471805599453	4.852030263919617	14.832478857591873
讲席	0.0	0.6931471805599453	0.0
干柴	1.791759469228055	10.044987114809828	15.756737759115204
地权	0.0	0.6931471805599453	2.0794415416798357
急案	0.0	0.0	0.0
目论	0.0	0.0	0.0
幸亏	18.764892552667753	78.53104474981018	86.77301096711767
痛处	0.0	3.4657359027997265	10.920455852163727
三品	0.6931471805599453	0.0	16.709396135160233
分得	4.1588830833596715	12.88211435818718	19.984613713961824
夏季	4.969813299576001	39.089304340220366	63.20025669680099
宿因	0.0	0.0	1.791759469228055
冠礼	0.0	3.6888794541139367	4.276666119016055
中华	4.1588830833596715	52.132139544222355	60.62111065673572
腾出	5.375278407684165	30.6049649736752	47.35940885615008
织成	7.203405521083095	20.690183414520327	44.465711261284326
直爽	1.3862943611198906	8.55333223803211	21.25312503942533
豪奢	0.0	2.0794415416798357	9.041685005946043
清甜	0.6931471805599453	1.3862943611198906	0.6931471805599453
观感	0.6931471805599453	3.4657359027997265	9.704060527839234
吼声	4.564348191467836	44.5306429754838	29.75742294285583
药性	0.0	4.1588830833596715	11.634222319926408
可惜	42.71031943622716	135.77593915285763	202.37139727476978
酒泉	0.0	2.0794415416798357	6.628041376179533
添仓	0.0	0.0	0.0
消受	1.791759469228055	5.817111159963204	17.682028620967785
踢踏	2.0794415416798357	2.8903717578961645	7.426549072397305
商务	0.0	11.811428776053594	34.3246160864559
翡翠	9.897066984733206	12.712215321391783	40.27865730095796
圣餐	0.6931471805599453	6.1737861039019375	20.911954282022563
内脏	1.791759469228055	27.30167855351744	26.98767917274829
分账	0.0	0.0	0.0
前朝	1.3862943611198906	3.871201010907891	12.912886016853934
偷嘴	0.0	0.6931471805599453	2.0794415416798357
顾况	0.0	0.0	0.0
植树	1.791759469228055	4.1588830833596715	5.950642552587727
轶事	1.791759469228055	9.688312170871095	20.665338374523213
宁可	7.167037876912221	41.5843589773438	97.64324554398118
板材	0.0	0.0	0.6931471805599453
钟情	2.4849066497880004	16.267563382881196	40.63420373151689
黄汤	0.0	0.6931471805599453	4.852030263919617
看成	8.55333223803211	77.14171548499512	92.43271261644782
暗中	14.082761325543533	60.66688255437863	101.10200158871625
个子	39.66121567958777	82.98481223914652	109.85138954104684
落寞	3.9889840465642745	12.059890135352092	18.662857873979508
起码	9.218308541625358	60.77798170637589	68.0772666899226
霜露	0.0	0.6931471805599453	7.89655270164304
字幅	0.0	0.0	0.0
内犯	0.0	0.0	0.0
倒数	1.3862943611198906	9.128696382935672	14.098509682511672
石工	2.0794415416798357	3.1780538303479458	6.579251212010101
驮马	0.0	0.0	0.6931471805599453
兴建	0.6931471805599453	12.306750213283618	20.620602480681825
牧野	2.0794415416798357	3.295836866004329	0.6931471805599453
天渊	0.0	0.0	3.465735902799726
校徽	1.6094379124341003	2.4849066497880004	3.4657359027997265
苗子	0.6931471805599453	1.3862943611198906	7.860185057472165
出诊	0.6931471805599453	4.941642422609304	8.147867129923947
非洲	9.939626599152001	71.44750965206718	60.57202060581732
懂事	12.999897393843565	62.88193765488733	67.40579010087185
刑名	0.6931471805599453	2.0794415416798357	6.173786103901937
归去	1.3862943611198906	14.264494819985934	28.321857532729165
外痔	0.0	0.0	0.0
卑视	0.0	2.4849066497880004	0.6931471805599453
撞破	1.3862943611198906	6.3561076606958915	5.662960480135946
解人	0.6931471805599453	13.69304457440351	21.39930754960341
正凶	0.0	0.6931471805599453	2.0794415416798357
客厅	26.03458667470817	74.16475678589741	144.8915149598978
江南	5.318119993844217	32.13511550833669	52.176870298431766
藤椅	0.6931471805599453	12.124428656489663	28.509775075027246
当空	1.3862943611198906	11.613603032723674	16.347850260986906
幕友	0.0	0.0	2.995732273553991
叠嶂	0.6931471805599453	4.1588830833596715	4.1588830833596715
虚假	4.499809670330265	26.959279698226577	49.44477701649954
持胜	0.0	0.0	0.0
党员	0.0	18.39975548994656	34.07345316184925
命名	6.643789733147672	40.664975390183656	68.3705447478785
脉动	0.0	1.3862943611198906	4.564348191467836
愣愣	11.510843298765904	32.378472955717	25.347469601647425
音节	5.545177444479562	19.59157112585222	23.89663671938997
摸哨	0.0	0.0	0.0
调配	0.6931471805599453	5.662960480135946	9.534161491043838
间色	0.0	0.0	0.6931471805599453
老迈	0.0	5.768320995793772	14.203870198169499
琼浆	0.6931471805599453	6.761572768804056	8.841014310483892
警标	0.0	0.0	0.0
忿争	0.0	0.0	2.3025850929940455
族亲	0.0	0.0	1.0986122886681098
看齐	1.791759469228055	9.939626599152001	7.847762537473608
哈欠	14.999052057417687	44.85371143669301	36.32936673553415
终久	0.0	0.6931471805599453	8.15478757276852
出尘	0.0	0.6931471805599453	3.1780538303479458
同伴	26.419695135142348	84.91021118278316	113.49210421970191
仓颉	3.1780538303479458	1.791759469228055	0.0
搭撒	0.0	0.0	0.0
播出	2.0794415416798357	3.8712010109078907	10.632773779711947
太守	1.3862943611198906	14.370443397995315	30.191385176967643
烟树	0.0	0.6931471805599453	2.4849066497880004
背面	6.068425588244111	19.59157112585222	35.87488286570154
后娘	0.0	2.4849066497880004	6.761572768804056
韵语	0.0	0.0	1.3862943611198906
圆光	0.0	0.0	1.3862943611198906
范文	0.6931471805599453	0.6931471805599453	4.564348191467836
吉贝	0.0	0.0	1.0986122886681098
轮流	16.131761841722135	51.21818734705943	76.92387698591062
代笔	0.0	2.772588722239781	9.821843563495618
内服	0.0	0.0	3.1780538303479453
考虑	32.87523669282643	158.6484556991831	234.7564081211311
呕吐	2.3025850929940455	35.797921824565414	41.7056446435514
空疏	0.0	0.6931471805599453	2.0794415416798357
器用	0.0	0.0	5.123963979403259
婚假	0.0	0.0	0.6931471805599453
胡缠	0.0	0.0	2.4849066497880004
存储	0.6931471805599453	2.0794415416798357	7.860185057472165
肥满	0.0	0.6931471805599453	0.6931471805599453
酒旗	1.6094379124341003	2.0794415416798357	3.1780538303479453
倒台	0.0	7.965545573129993	14.488226433651699
数伏	0.0	0.0	0.0
邪恶	13.485405209625265	46.5290874506191	82.3564729581339
南巡	0.6931471805599453	0.0	7.742402021815782
采猎	0.0	0.0	0.0
镇星	0.0	0.0	0.0
蚁蚕	0.0	0.0	0.0
浅陋	0.0	2.0794415416798357	14.503974790619838
砸碎	2.4849066497880004	8.540909718033554	19.745721805679477
拱北	0.0	0.0	0.0
墨客	0.0	2.0794415416798357	4.564348191467836
清泠	0.0	1.3862943611198906	0.6931471805599453
相并	0.0	0.0	0.6931471805599453
四溅	1.3862943611198906	23.0981290231722	16.742021362476308
摘登	0.0	0.6931471805599453	0.0
念珠	1.0986122886681098	10.920455852163727	18.306513563206295
巧匠	2.0794415416798357	5.2574953720277815	9.064157861798101
回应	14.881269021761305	40.02247194244246	56.83269202891303
余光	6.29156913955832	14.609335306277663	14.203870198169499
图谋	0.6931471805599453	12.88211435818718	27.183895517861053
暴吏	0.0	0.0	0.0
利息	1.791759469228055	19.040152105120974	56.894914393832785
巩固	4.787491742782046	32.07082115763129	38.52944438185277
先导	0.0	3.1780538303479458	4.564348191467836
惹眼	1.0986122886681098	1.3862943611198906	14.609335306277663
互保	0.0	0.6931471805599453	0.0
无时	5.2574953720277815	21.435446596219283	42.4949560722319
商户	0.0	0.6931471805599453	1.3862943611198906
船员	8.371010681238156	21.95207657013307	17.649084465248425
假贷	0.0	0.0	2.8903717578961645
虚汗	0.6931471805599453	9.416378455387454	7.572502985020385
重孝	0.0	1.3862943611198906	4.852030263919617
特等	0.6931471805599453	2.0794415416798357	6.436150368369428
止步	0.0	11.208137924615508	16.6887768479575
灰白	9.287301413112312	42.069600110279474	74.1990363771938
租户	0.0	0.0	8.55333223803211
会客	2.772588722239781	8.63621989783788	35.546607396284514
姨婆	0.0	1.0986122886681098	1.791759469228055
母马	1.3862943611198906	5.288267030694535	22.112013187027365
匹配	1.3862943611198906	3.4657359027997265	24.078958276183922
二战	0.0	4.718498871295094	7.560080465021827
财物	5.575949103146316	25.283347660395076	52.74165171823336
窗子	23.098129023172195	62.812991285295325	114.48136481731231
游记	4.1588830833596715	24.87746597240169	28.10430996691907
神灵	2.4849066497880004	33.36625968929623	69.70108027551287
偏偏	19.253245320581684	68.49343774229797	123.57759371335955
末子	0.0	1.3862943611198906	1.0986122886681098
击毁	1.0986122886681098	4.382026634673881	0.6931471805599453
孱头	0.0	0.0	1.3862943611198906
留驻	0.0	1.3862943611198906	3.871201010907891
恩典	2.4849066497880004	4.1588830833596715	32.882232258684965
通知	29.480553992185463	89.23817457404121	144.68152527964097
骁将	0.0	0.0	6.761572768804056
指供	0.0	0.0	3.1780538303479458
选择	41.3256132921783	177.98625177575443	228.78591865839962
珠子	17.56033168599026	47.815136396747924	60.65208785023501
小农	0.0	2.0794415416798357	8.215006432761575
可爱	59.76098090837367	153.666017674639	220.37050021789736
香菜	0.0	1.3862943611198906	4.969813299576001
欠佳	0.6931471805599453	4.276666119016055	9.064157861798101
仲春	0.0	3.1780538303479458	6.238324625039508
墙垣	0.0	3.58351893845611	11.297750083305196
鸿福	0.0	0.0	0.6931471805599453
对方	42.47490216336716	173.83457292222252	198.51109534022743
预见	3.1780538303479458	18.90662071249645	36.58045256626004
耕牛	1.9459101490553132	7.049254841255837	10.1095256359474
腾飞	0.0	7.860185057472166	10.450452222917992
受礼	0.0	0.6931471805599453	6.068425588244111
开动	6.761572768804056	24.07937485606914	34.801344214585555
补加	0.0	0.6931471805599453	0.6931471805599453
落价	0.0	0.0	2.8903717578961645
如晤	0.0	0.0	0.6931471805599453
公牛	6.674561391814426	21.188586518287764	47.76631304714189
鞣酸	0.0	0.6931471805599453	0.0
余音	2.772588722239781	10.1095256359474	13.10525790950139
访员	0.0	0.0	0.0
便秘	0.0	5.480638923341991	2.4849066497880004
自守	0.0	3.4011973816621555	18.662857873979505
花药	0.0	0.0	0.0
纷纶	0.0	0.0	1.791759469228055
褊浅	0.0	0.0	0.0
鲤鱼	7.2499255367179885	24.496845904290645	19.883872144160296
顶嘴	1.791759469228055	6.931471805599453	13.810827610059892
枪毙	0.6931471805599453	18.85783054832702	40.39976617358393
责难	1.791759469228055	12.019068140831838	32.409146962901815
情种	0.0	0.6931471805599453	10.044987114809826
濒临	0.6931471805599453	24.889888492400253	32.129661657654204
益寿	0.0	2.890371757896165	8.435549202375727
雪橇	3.9889840465642745	18.55212997037256	25.476633106655918
公署	0.0	3.688879454113936	5.2574953720277815
怠慢	1.3862943611198906	20.37765630207143	41.24319260406963
介绍	35.37200983870757	124.05294438646027	204.06970497658781
三秦	1.6094379124341003	3.7841896339182615	3.58351893845611
道友	0.0	0.0	3.5835189384561104
表扬	5.545177444479562	31.87323212870654	29.67292588483291
撤营	0.0	0.0	0.0
响晴	0.0	1.0986122886681098	4.1588830833596715
门客	1.0986122886681098	12.313670656128192	15.838381748155715
市容	0.0	4.1588830833596715	2.995732273553991
私债	0.0	0.0	0.6931471805599453
爆破	3.332204510175204	5.2574953720277815	12.829998357048165
古筝	1.3862943611198906	2.4849066497880004	3.4657359027997265
豇豆	0.0	0.6931471805599453	1.791759469228055
港务	2.302585092994046	0.6931471805599453	0.6931471805599453
几时	1.3862943611198906	13.036265038014438	60.4207770127696
无害	2.0794415416798357	9.534161491043838	37.63847145796291
督饬	0.0	0.0	0.0
梨枣	0.0	0.0	0.6931471805599453
缠身	0.6931471805599453	15.772486116083343	18.41599779604798
死守	0.0	15.079338935523399	17.446462549655013
内阁	1.9459101490553132	13.81342839175995	41.881199232041794
腹膜	0.0	4.0943445622221	1.0986122886681098
姗姗	3.4657359027997265	10.044987114809828	17.31738550737987
油画	5.662960480135946	18.213473531936508	42.56516425431239
孝服	0.0	6.51025834052315	19.10469062625854
春闺	0.0	0.0	2.0794415416798357
圈阅	0.0	0.6931471805599453	0.0
暖气	0.6931471805599453	8.540909718033554	18.991361940951542
狗命	0.0	5.375278407684165	7.742402021815782
修纂	0.0	0.0	0.0
灵牌	0.0	3.091042453358316	2.6390573296152584
丢脸	8.030084094267563	26.95245316373214	57.7618181279494
泡沫	6.461468176353718	34.17273555516318	38.54471185398357
短缺	0.6931471805599453	15.132583450042212	21.401679733748473
起解	0.0	0.0	0.6931471805599453
纵纹	0.0	0.0	0.0
大调	1.3862943611198906	0.0	5.480638923341991
伴奏	4.882801922586371	19.47378809019583	30.021232579101127
崩漏	0.0	0.0	0.0
海隅	0.0	2.0794415416798357	2.4849066497880004
爱恋	3.465735902799726	5.950642552587727	42.559494593369486
锡杖	0.0	0.6931471805599453	4.1588830833596715
就餐	0.6931471805599453	7.742402021815782	16.174472959815184
背反	0.0	0.0	0.6931471805599453
俭约	0.0	0.0	5.545177444479562
自谦	0.0	4.0943445622221	9.169518377455928
先夫	0.0	0.0	6.579251212010101
大书	0.6931471805599453	8.946374826141717	20.39007882206998
跌幅	0.0	0.6931471805599453	1.3862943611198906
就职	1.9459101490553132	5.529429087511423	19.279044013403322
教授	7.444248649496705	82.40895217642684	141.03734828530588
足赤	0.0	0.0	1.3862943611198906
杂工	1.791759469228055	1.3862943611198906	12.309350994983674
混杂	3.871201010907891	32.396724442903256	65.50649029829971
形变	0.0	0.0	0.0
怵然	0.0	0.0	0.0
搭接	0.0	0.6931471805599453	0.0
翻耕	0.0	3.1780538303479458	4.882801922586371
俯就	0.0	4.382026634673881	11.143599403477936
泥封	0.0	0.0	2.772588722239781
点汤	0.6931471805599453	0.0	4.852030263919617
盛夏	2.4849066497880004	17.446462549655013	22.636093563575642
公门	0.0	0.0	8.589699882202986
鼓劲	2.772588722239781	6.173786103901937	8.030084094267563
火场	1.3862943611198906	5.863631175598098	5.0106352940962555
宫词	0.0	0.6931471805599453	5.662960480135946
神父	6.222576268071369	20.21092931234439	52.90609519494483
芟秋	0.0	0.0	0.0
小言	0.0	0.0	1.3862943611198906
石灰	5.123963979403259	35.43452238174276	40.82390539560847
袖筒	0.6931471805599453	5.2574953720277815	4.382026634673881
箩筐	4.276666119016055	8.723231274827508	10.044987114809828
顿开	2.0794415416798357	4.969813299576001	8.723231274827508
从中	12.529893764597828	61.96897275998275	122.86663691817293
警笛	0.6931471805599453	8.014335737299424	9.064157861798103
薄暮	1.791759469228055	9.651944526700222	17.394346548515998
党章	0.0	2.70805020110221	1.3862943611198906
水层	0.0	2.772588722239781	0.0
世系	1.9459101490553132	0.6931471805599453	9.927204079153444
花簇	0.0	0.6931471805599453	0.6931471805599453
酸麻	0.0	3.871201010907891	2.772588722239781
栝楼	0.0	0.0	0.0
严厉	18.136512490800374	103.28438541498733	133.31896583782165
恒山	0.0	2.0794415416798357	2.3025850929940455
明朝	2.1972245773362196	19.263295656435186	27.84739955313405
成型	3.951243718581427	3.6888794541139363	3.1780538303479458
续约	0.0	0.0	2.0794415416798357
耸动	0.6931471805599453	16.30838537740145	7.965545573129992
坏水	0.6931471805599453	2.1972245773362196	1.3862943611198906
相册	0.6931471805599453	11.405963667945427	7.560080465021827
闲钱	0.6931471805599453	0.6931471805599453	7.4547199493640015
发疯	18.105842867744144	74.16175003750584	101.91204107661346
花径	0.0	2.0794415416798357	5.2574953720277815
偿命	2.4849066497880004	3.1780538303479458	10.057409634808385
挂单	0.0	0.0	1.3862943611198906
馊臭	0.0	0.6931471805599453	0.6931471805599453
齐楚	0.0	2.4849066497880004	5.2574953720277815
上手	0.0	1.3862943611198906	5.2574953720277815
肥沃	4.1588830833596715	27.17000072954223	34.24172842665013
旁门	0.6931471805599453	1.3862943611198906	12.882114358187179
纬线	0.0	0.0	2.4849066497880004
晨曦	5.662960480135946	14.47580391365314	21.01868748149236
炼气	0.0	0.0	0.0
中统	0.0	0.6931471805599453	1.3862943611198906
传媒	4.1588830833596715	15.877846631741171	17.307335171526372
油苗	0.0	0.0	0.0
券门	0.0	0.0	1.0986122886681098
推拒	0.0	0.6931471805599453	7.860185057472165
粒度	0.0	0.0	0.0
延安	0.0	7.745002803515839	12.019068140831838
维那	0.0	1.0986122886681098	0.0
歌谣	7.4547199493640015	16.113412703053935	35.61755148790272
线路	1.3862943611198906	16.198570511394244	19.761470162647615
官僚	1.0986122886681098	22.077950043960477	53.85254615589312
离子	2.3025850929940455	4.852030263919617	3.4657359027997265
瞎逛	0.0	2.0794415416798357	5.2574953720277815
笔杆	5.575949103146316	7.4547199493640015	12.529893764597826
蛎黄	0.0	0.0	0.0
橘络	0.0	0.0	0.0
生分	0.6931471805599453	2.772588722239781	4.787491742782047
学说	2.4849066497880004	38.05562096650418	70.70284070843874
匪盗	0.0	0.6931471805599453	1.3862943611198906
嘉佑	0.0	0.0	0.6931471805599453
火笼	0.0	0.0	0.6931471805599453
汪子	0.0	0.0	0.0
后人	3.688879454113936	29.857848223326926	85.58012810859968
相配	4.1588830833596715	14.098509682511674	34.91467289989256
和睦	5.886104031450156	30.38669235259559	49.80372210897285
常例	0.0	0.6931471805599453	4.1588830833596715
物质	5.480638923341991	68.09308632567448	108.5009163120591
生疑	3.1780538303479458	6.643789733147672	19.579148605853653
岐路	0.0	0.0	0.6931471805599453
叙别	0.0	0.0	2.0794415416798357
伤耗	0.0	0.0	0.6931471805599453
田鸡	0.0	6.643789733147672	2.5649493574615367
添补	0.0	1.3862943611198906	3.1780538303479458
火腿	6.851184927493743	14.219374384705464	35.425829156824065
同姓	0.0	9.351839934249881	16.07951115137826
粗工	0.0	0.6931471805599453	0.0
头疼	5.950642552587727	33.47958837460323	43.525803587301155
面授	0.0	0.0	4.1588830833596715
配调	0.0	0.0	0.6931471805599453
绑票	0.0	3.1780538303479458	3.4657359027997265
表土	0.0	0.6931471805599453	1.0986122886681098
孽障	0.0	1.3862943611198906	12.386792920957154
重生	1.6094379124341003	8.70748291785937	15.707947594945773
允许	24.719989455604864	128.03025735410478	187.05716943297614
初时	1.791759469228055	7.336936913707618	20.507861857726372
件数	0.0	1.791759469228055	2.772588722239781
沸泉	0.0	0.0	0.0
商约	0.0	0.0	0.6931471805599453
跛行	0.0	1.0986122886681098	4.564348191467836
冰雹	6.473890696352275	23.48313943958454	13.628506053265937
可逆	0.0	6.761572768804056	8.030084094267563
武装	8.946374826141717	68.11298865867411	84.10884865149654
怀旧	0.6931471805599453	5.2574953720277815	18.886001425293717
打杈	0.0	0.0	0.0
靖乱	0.0	0.0	1.3862943611198906
榆钱	0.0	1.0986122886681098	3.1780538303479458
长物	0.0	0.0	9.469622969906267
分店	0.6931471805599453	1.3862943611198906	3.8712010109078907
斜杆	0.0	0.0	0.0
收摊	0.0	2.0794415416798357	2.4849066497880004
短袖	0.6931471805599453	7.4547199493640015	9.416378455387454
剥削	2.995732273553991	26.037290945237793	32.74561919952304
泥沼	0.6931471805599453	10.093777278979259	11.208137924615508
庶乎	0.0	0.0	2.772588722239781
撤职	0.0	5.2574953720277815	11.942107099695708
阻断	1.3862943611198906	2.772588722239781	9.821843563495618
圈圈	9.447150114054208	34.48858850458165	27.38721766218682
让贤	0.0	1.3862943611198906	1.3862943611198906
信物	0.6931471805599453	5.662960480135946	15.525626038151819
寻觅	9.757305042358047	49.39047681354571	39.53559144284879
兰若	0.0	0.0	5.817111159963204
督阵	0.0	1.3862943611198906	0.6931471805599453
拐棍	1.791759469228055	16.14418436172069	10.632773779711947
梗阻	0.0	0.0	2.4849066497880004
环行	0.0	0.6931471805599453	7.4547199493640015
作曲	6.238324625039508	19.390295347196496	32.88244585891769
小调	6.579251212010101	12.219738836293988	22.967923467517256
家法	0.6931471805599453	2.4849066497880004	5.375278407684165
期冀	0.0	0.6931471805599453	3.1780538303479458
心皮	0.0	0.0	0.0
结晶	0.6931471805599453	20.049152235099392	21.488691110738092
拙笔	0.0	0.0	0.6931471805599453
内应	0.0	3.8712010109078907	12.71047770149324
果皮	2.4849066497880004	8.147867129923947	7.049254841255837
型号	0.0	5.950642552587727	4.969813299576001
鼎新	0.0	0.0	2.3978952727983707
名色	0.0	0.6931471805599453	5.075173815233827
公馆	2.995732273553991	11.847796420224467	44.16967971885432
轻浮	2.772588722239781	11.69364574039721	47.28158807053956
情愿	19.222473661914925	99.57159518927052	133.3980788872804
壕堑	0.0	0.0	2.4849066497880004
何用	1.3862943611198906	12.019068140831838	33.67983810605159
掌教	0.0	1.3862943611198906	0.6931471805599453
耗资	0.0	3.1780538303479453	3.465735902799726
留别	0.6931471805599453	0.0	1.3862943611198906
急转	4.276666119016055	17.96971069341956	20.08997422961965
愚蒙	0.0	0.0	6.761572768804056
邪行	0.0	0.0	2.0794415416798357
纷披	0.0	1.3862943611198906	4.1588830833596715
至德	0.0	1.791759469228055	10.412231010097795
开间	0.0	0.0	6.866933284461882
田径	3.332204510175204	2.0794415416798357	2.995732273553991
向上	19.409249569058264	89.09558098793606	106.18757977290345
朴实	6.579251212010101	19.5667260858551	49.27269377788932
棋手	0.6931471805599453	1.3862943611198906	3.871201010907891
学子	2.772588722239781	6.51025834052315	12.999897393843563
渡槽	0.0	0.0	0.0
起火	3.4657359027997265	27.66247721464003	47.39577650032096
乡贤	0.0	1.0986122886681098	0.6931471805599453
饮弹	0.0	0.6931471805599453	2.0794415416798357
文臣	0.0	3.401197381662155	5.950642552587727
奇趣	0.0	0.0	5.545177444479562
窗洞	0.0	3.1780538303479458	14.822428521738372
宛转	0.6931471805599453	0.6931471805599453	19.984613713961828
铅直	0.0	0.0	0.0
怪人	5.375278407684165	23.252279702999456	39.96785474411168
假若	2.1972245773362196	10.281375892874058	53.65834871412181
受俘	0.0	0.6931471805599453	1.0986122886681098
出手	26.263760333521585	91.39859637949769	135.1038847379591
油田	0.0	1.791759469228055	1.791759469228055
请功	0.0	0.6931471805599453	6.068425588244111
兵卒	0.0	2.4849066497880004	11.19238956764737
熟路	1.3862943611198906	4.852030263919617	9.416378455387454
薄面	0.0	0.0	2.0794415416798357
年头	7.426549072397305	42.03624644960493	63.71863765346274
倚傍	0.0	0.6931471805599453	0.6931471805599453
苦难	7.742402021815782	75.3005017348443	111.43982921131781
每年	21.86598534187957	98.4954557564545	170.1580787320198
侧身	7.336936913707618	26.681647961628304	42.657074921708336
水平	18.323059800388716	79.78048188133594	103.32157269401127
窥孔	0.6931471805599453	0.0	0.0
小区	6.068425588244111	15.392094645527298	8.895081531754167
茧绸	0.0	0.6931471805599453	4.8828019225863715
洋盘	0.0	0.0	0.6931471805599453
昭显	0.0	0.0	0.6931471805599453
交税	0.6931471805599453	3.1780538303479458	5.298317366548036
乡井	0.0	0.6931471805599453	1.3862943611198906
耸听	0.6931471805599453	3.4657359027997265	6.3561076606958915
游客	8.215006432761575	40.13289933229553	47.96896814817191
哂笑	2.0794415416798357	0.0	1.3862943611198906
显著	3.5835189384561104	30.999136075164618	58.68347624777265
破格	0.6931471805599453	4.1588830833596715	9.821843563495618
眉急	0.0	0.0	0.0
昔日	8.166216268592143	31.487569647894553	78.51483674662978
规复	0.0	0.0	0.0
举动	15.761192109464584	79.98229421195285	145.69368358180233
改制	0.0	5.2574953720277815	5.950642552587727
乒坛	0.0	0.0	0.0
重孙	0.6931471805599453	2.0794415416798357	5.480638923341992
板子	4.382026634673881	19.773496084807253	24.433779651473333
祝祷	0.0	2.0794415416798357	8.435549202375727
烦文	0.0	0.0	0.0
款待	5.662960480135945	19.392372698710325	79.49647558461804
城堡	26.96696721878763	39.327364015718985	77.12243120183717
见弃	0.0	0.6931471805599453	10.632773779711947
香串	0.0	0.0	0.6931471805599453
事变	0.6931471805599453	10.920455852163728	30.47588793140007
潜移	0.0	10.956823496334602	14.503974790619838
荒地	5.2574953720277815	24.461950528440028	25.80617922427441
阔气	4.1588830833596715	10.450452222917992	30.61738749367376
敢当	1.791759469228055	12.712215321391783	41.65585497904889
钉帽	0.0	0.0	0.6931471805599453
尾随	5.075173815233827	24.654322421087485	19.93136919944301
诗谜	0.0	0.0	2.3025850929940455
乡情	2.3025850929940455	2.772588722239781	1.791759469228055
稍许	0.0	3.1780538303479453	15.768572216762207
喑哑	0.0	8.435549202375727	12.625203944402154
天子	4.68213122712422	27.163902628406262	53.21345489097268
银耳	0.0	1.3862943611198906	3.1780538303479458
奔跑	32.6165421572479	116.69466863722698	88.82432985830235
天池	0.0	1.3862943611198906	2.4849066497880004
宴请	0.6931471805599453	9.614204198717374	22.040338729024345
护庇	0.0	0.0	3.58351893845611
膨胀	10.738134295369772	49.34453971835866	59.427267161151356
商人	13.22118737650845	78.81543485566641	146.4367811540326
浮躁	2.6390573296152584	6.1737861039019375	19.099094640754426
拍发	0.0	1.3862943611198906	0.6931471805599453
雏儿	0.0	0.0	7.965545573129992
烦冗	0.0	0.0	0.0
远略	0.0	0.6931471805599453	1.3862943611198906
食粮	0.0	7.336936913707618	23.855814724869717
擦身	4.969813299576001	10.514990744055563	10.227308671603783
苇箔	0.0	0.6931471805599453	1.791759469228055
内容	27.246957386549788	126.44113630033394	207.7404588723843
显赫	6.984716320118266	30.142929514078652	60.401600512834165
写稿	0.6931471805599453	2.4849066497880004	3.1780538303479458
得宠	1.791759469228055	5.375278407684165	18.375175801527725
职业	8.841014310483892	74.98546581601913	126.13340866474002
立方	0.0	5.950642552587727	6.579251212010101
援笔	0.0	0.0	1.791759469228055
蜡疗	0.0	0.0	0.0
隘险	0.0	0.0	0.0
秘密	57.417518856500145	150.78015782538648	221.05734991109986
五凤	0.0	0.0	1.791759469228055
屋子	57.70893022403179	144.39939335077716	215.52775824991696
扰扰	0.0	1.3862943611198906	10.604602902745249
鱼盐	0.0	0.6931471805599453	1.3862943611198906
动员	7.860185057472166	45.40149276698143	57.895018887408376
悦耳	9.169518377455928	37.56151041682677	55.05812024158603
短处	0.6931471805599453	11.325920960271892	28.237841359543598
乐意	25.04403917222751	83.82976917021116	132.3901560256545
造假	0.6931471805599453	2.0794415416798357	9.064157861798101
光耀	0.0	2.8903717578961645	12.748582965562658
交班	0.0	2.4849066497880004	1.3862943611198906
红契	0.0	0.0	0.0
书蠹	0.0	0.0	0.0
记号	7.049254841255836	20.442194823208993	46.805486705200714
专车	0.0	2.0794415416798357	8.147867129923947
心甘	6.866933284461882	38.870615139255534	45.28352174899485
宅心	0.6931471805599453	0.0	2.772588722239781
倡言	0.0	0.0	5.662960480135946
犀甲	0.0	0.0	1.6094379124341003
告别	34.096191093912275	90.72261270913747	152.51412732169416
姨母	0.0	1.791759469228055	16.20830191884447
扎营	0.6931471805599453	11.446785662465683	12.090661794018846
善战	3.688879454113936	17.787389136625606	22.992768507514374
功绩	2.890371757896165	26.190853562713496	44.20935442030249
进给	0.0	0.0	0.0
公房	0.0	0.0	3.1780538303479458
因数	0.0	0.0	1.3862943611198906
迁怒	0.0	7.742402021815782	16.701199367956054
公告	4.189654742026425	10.422281345951294	14.234641856836253
除数	0.0	0.0	0.0
广岛	0.0	2.1972245773362196	2.772588722239781
杭剧	0.0	0.0	0.0
凌锥	0.0	0.0	0.0
草写	0.0	0.0	0.0
步道	0.0	0.6931471805599453	2.4849066497880004
观象	0.0	1.0986122886681098	0.6931471805599453
脆快	0.0	0.0	2.772588722239781
断根	0.0	2.0794415416798357	3.1780538303479458
精简	0.6931471805599453	2.0794415416798357	5.480638923341991
